[-0.06764396 -0.00934173 -0.06146487 -0.02386929  0.08733094 -0.04271806
  0.08664004 -0.00117015  0.07392015  0.06969666 -0.06445574  0.00382742
  0.07703186 -0.0701324  -0.04233668 -0.12807566  0.10676695 -0.07079954
 -0.06275703 -0.0070241  -0.10219438  0.0479926   0.09708969 -0.08090711
 -0.04527067 -0.00187003 -0.09779564  0.02515778  0.20486797 -0.00055313
 -0.0601889   0.06055185  0.05889683  0.13313326 -0.11144748  0.06180559
 -0.08986127 -0.1279366  -0.11784029  0.06479396  0.03117897  0.02580719
 -0.00924379  0.12633768 -0.02488999  0.03406652  0.03023993 -0.09313956
  0.07159612 -0.34510937  0.02439213  0.19726337 -0.06975743 -0.07543176
 -0.06710663  0.12055318 -0.02326491 -0.06109719 -0.00431681  0.07577331
  0.00317896 -0.06190774  0.11671736  0.00176603 -0.10354875  0.0163285
 -0.05577044 -0.07765587  0.17917548 -0.01752553  0.01838834 -0.05964128
 -0.20924209 -0.12206276 -0.05359095  0.02548377 -0.09753858 -0.05795614
  0.05849082 -0.05893319 -0.0159588  -0.02499439  0.06133176 -0.07762621
  0.19906493  0.01064882  0.05462908 -0.01059594 -0.01723694 -0.08329838
  0.00681497  0.07888692 -0.03984951 -0.03379717 -0.04020356  0.20089355
 -0.01544391  0.15285745  0.11633303  0.00929906 -0.0796921  -0.01297001
 -0.01470975  0.11295319  0.05559234 -0.06829958 -0.01716696  0.1540487
 -0.00508337  0.04280067  0.06821938 -0.16031583 -0.05312426  0.01205306
 -0.09723137 -0.07751936 -0.05470164 -0.09819231  0.0253936  -0.06447683
  0.11695131  0.17833957 -0.05679362  0.00430863 -0.07267915  0.06205155
 -0.12742206 -0.09603422][ 8.10829103e-02 -7.10831136e-02 -1.86241660e-02  6.28225878e-03
  8.76858160e-02 -5.88168874e-02  1.39079556e-01 -4.93903309e-02
 -4.59739082e-02  1.61736141e-04 -8.92798454e-02 -4.00675461e-02
  1.49755804e-02  3.33378017e-02 -7.76944980e-02  1.62635054e-02
  1.54716030e-01 -4.11884300e-02 -1.43485948e-01 -8.14939812e-02
 -4.51800376e-02 -5.27514331e-02  5.78268096e-02  6.87689707e-02
  5.87733053e-02  6.18279874e-02 -1.13510732e-02  5.48271947e-02
  9.43427458e-02  8.44522864e-02  6.61538169e-02  3.93098081e-03
  8.75191391e-02 -9.97618660e-02 -8.10390636e-02  2.25421216e-04
 -4.99292165e-02  5.08536734e-02 -1.53753906e-01 -2.08629332e-02
 -5.38565107e-02  4.13413569e-02 -3.30067277e-02  6.35169297e-02
  1.07223004e-01  8.85263681e-02  6.23484366e-02 -8.52171779e-02
  2.80025750e-02 -1.89328089e-01 -3.91249210e-02  3.19301188e-02
 -6.39511598e-03 -1.01371698e-01 -1.03662178e-01  1.18483938e-01
 -4.50225919e-02  2.28880276e-03 -7.29114339e-02  8.20495412e-02
 -6.04492575e-02 -9.03711095e-02  2.05860153e-01 -5.06502874e-02
 -5.40584996e-02 -1.12506382e-01  5.84313907e-02  3.43448110e-02
  1.10909767e-01  6.55734614e-02 -1.17945679e-01 -8.52602124e-02
 -1.43899977e-01 -1.12794392e-01  1.13380358e-01  1.46117344e-01
 -1.33610085e-01 -9.47320759e-02  4.63669673e-02  2.45244373e-02
  1.28755584e-01 -8.30181912e-02  1.06542138e-02  9.43194330e-02
  2.36862093e-01  7.22227693e-02  1.70427769e-01 -6.83504269e-02
  2.97339465e-02 -6.19528368e-02  4.19345088e-02 -1.09424768e-02
 -3.67270000e-02  1.14956282e-01 -6.77068159e-02  1.86362684e-01
 -1.40288129e-01  1.71500966e-02  1.69442907e-01 -1.03972271e-01
  1.74834989e-02 -2.18104005e-01 -7.33293220e-02  1.04797864e-02
  5.10068797e-02 -1.17224559e-01  7.53125697e-02 -8.08263421e-02
 -1.58567101e-01 -8.60135034e-02  6.72462285e-02 -3.29419635e-02
  3.45370322e-02  9.48680472e-03  2.58297026e-02  1.44465175e-02
  2.82965414e-02 -6.26735911e-02 -1.23080269e-01 -2.54088012e-03
  1.34973302e-01 -4.80754897e-02 -4.45973426e-02  1.00275531e-01
 -1.24990955e-01  8.73874873e-03 -7.77145475e-02  3.71796079e-02][ 0.0853963  -0.04372026 -0.02834755 -0.11436893 -0.04242808  0.08036491
  0.01506943  0.01250641  0.03394625  0.10632568 -0.02132415 -0.01553748
 -0.00452275 -0.0195367  -0.05182554 -0.01738832  0.19900748 -0.07217343
 -0.05760388 -0.04295174 -0.07785834 -0.05778024 -0.03218529 -0.06352811
 -0.03525281 -0.06922255  0.00277936  0.03095983  0.08555929 -0.04306057
  0.08684582  0.08105199  0.16953255 -0.14901602  0.07935072  0.02535672
 -0.01013255  0.08259562  0.05334667 -0.1531736  -0.0450284   0.04103405
  0.00723279  0.10895082  0.01374143 -0.01797823 -0.00380157 -0.10924602
  0.01099246 -0.2795497   0.08315983 -0.06017223  0.02808521 -0.12353676
 -0.067524    0.12450767 -0.07880909 -0.02467122 -0.03684113  0.11613557
 -0.0784143  -0.0610763   0.0992587   0.07698617 -0.11062516  0.00604257
  0.01590912 -0.09982785  0.01707156  0.07057138 -0.2220253  -0.1001958
 -0.20942116 -0.03807817 -0.03107824 -0.00378412 -0.12940204  0.03157099
  0.08208376 -0.08802967  0.04439932 -0.02602746  0.026916   -0.04478184
  0.07795906  0.0374943  -0.1435929   0.04109878 -0.0245486   0.15122052
 -0.05037957  0.00033594 -0.07491194 -0.08155606 -0.09187207  0.10391289
 -0.06688347  0.04588798  0.03122689 -0.02860823 -0.13088095 -0.22384508
 -0.15607381  0.15912667 -0.05195121  0.03677542  0.04744921 -0.0722977
 -0.1984992  -0.07937254  0.02230048 -0.24569698 -0.0429454  -0.03139264
 -0.07677408 -0.0442598  -0.01949406 -0.03216841  0.01999972 -0.02681105
 -0.09468857  0.03072082 -0.02053784 -0.10918507 -0.06753693  0.02687914
 -0.09476533  0.11883759][-7.01395050e-02  1.01733446e-01  6.49423758e-03  1.75509788e-02
 -5.67107797e-02  1.33660063e-01  5.80796227e-02  1.83374323e-02
 -1.52700190e-02  3.01020835e-02 -8.31354111e-02 -3.30034792e-02
  2.49731764e-02  9.33451802e-02 -7.37258494e-02  1.93920787e-02
  8.57839510e-02 -7.20215514e-02 -9.73610394e-03  6.02437370e-03
 -1.34268761e-01  1.27956793e-01  1.93245232e-01  4.35190015e-02
 -2.57429313e-02  6.41557425e-02 -5.12172095e-02  1.19801946e-02
  8.61689299e-02 -8.81915540e-02  1.77784368e-01 -7.49076009e-02
  1.45753518e-01  1.35044172e-01 -1.74808446e-02 -2.31429581e-02
 -5.23810983e-02 -3.97284329e-02 -1.98981389e-01  2.57124961e-03
 -1.47213386e-02  8.35558325e-02 -1.39876619e-01  1.73284516e-01
 -7.83947980e-05 -7.62464628e-02  2.73394398e-02 -5.60292937e-02
  6.35428950e-02 -2.07492575e-01  4.43076678e-02  1.87396914e-01
 -9.80944559e-02  5.46522327e-02 -9.25696641e-02  1.63510546e-01
  5.03275357e-03  2.52168458e-02 -1.59040213e-01  7.61541724e-02
  6.78289402e-03 -8.31224676e-03  1.74070105e-01 -2.85862276e-04
 -1.08430587e-01 -4.32493128e-02  5.71406074e-02  3.12224664e-02
  7.06114247e-02 -1.40726464e-02  2.41865013e-02 -5.55280857e-02
 -1.75682046e-02 -1.66763127e-01  3.28756757e-02  7.70173147e-02
 -1.12089537e-01  3.21380384e-02  3.55339758e-02  1.82537064e-02
  2.21425951e-01  5.80667965e-02 -1.35420766e-02 -6.21008426e-02
  1.11343853e-01  1.43180077e-03 -1.99027397e-02 -8.82148296e-02
 -6.93162009e-02 -1.61216393e-01 -2.17186380e-02  2.70845275e-02
 -4.15551364e-02  1.61469713e-01 -3.68205421e-02  9.33026671e-02
 -5.14716022e-02  4.09120321e-02  6.31714091e-02  8.21204390e-03
  1.46559114e-02 -1.59938544e-01  3.41337398e-02  8.13053623e-02
  6.00619279e-02  4.85875793e-02 -1.01509213e-03 -3.36736813e-02
 -6.55547455e-02  1.77339613e-02  2.65442189e-02 -7.26666227e-02
  4.59340252e-02  3.83879878e-02 -1.34895905e-03  1.00104310e-01
 -1.47113264e-01 -1.11640111e-01 -2.85469741e-02  2.19841413e-02
  5.42990528e-02  2.51640789e-02  6.79129437e-02  3.72044221e-02
 -2.89063722e-01 -1.55138029e-02 -6.89686462e-02 -1.15359515e-01][-0.0015797   0.01980268 -0.01262217  0.04070718  0.04579338  0.00891746
  0.11422829 -0.02202173 -0.04415648  0.04964433 -0.19422586  0.03735925
  0.03288125  0.03022947 -0.11268517 -0.08547936  0.20787041 -0.07244442
 -0.06915677 -0.08052575 -0.12595549  0.05041523  0.06296255  0.03644976
 -0.00126724  0.11668207 -0.02361913  0.04037687  0.01979188  0.00116874
  0.08299901 -0.06517673  0.10013174  0.0493596  -0.15821445 -0.00212401
 -0.04050116 -0.13075753 -0.14585815  0.01212509 -0.03442738  0.00968202
 -0.14523873  0.2060516   0.10742635  0.01024219  0.0060792  -0.07360283
  0.0760449  -0.20228747  0.021313    0.14904477 -0.10179891  0.03302305
 -0.08928765  0.13477513 -0.01938385  0.00413172 -0.1325612   0.15065747
 -0.02363906 -0.00519568  0.19267364  0.03898439 -0.06753483  0.01126438
  0.00990891  0.05504988  0.05337303  0.02631971 -0.08384153 -0.04334596
 -0.08935342 -0.10145541  0.15089415  0.18671025 -0.16456725 -0.02782576
  0.00436717 -0.09419182  0.15180252 -0.05712686  0.00623855 -0.04970074
  0.11990071  0.02081869  0.02875648 -0.0493087   0.03605678 -0.22786462
 -0.04436921 -0.02810515 -0.03896355  0.11610448 -0.07543278  0.17114371
 -0.10641887  0.01018409  0.08763774 -0.05338082 -0.15508518 -0.09673335
 -0.052495    0.03240544  0.02859985 -0.06448666  0.04857098 -0.03799478
  0.00027334  0.01007369  0.02877581 -0.09510582  0.02889275  0.09746129
 -0.01216256  0.04163133 -0.12756869  0.03075088 -0.0613418   0.00037773
  0.07786113  0.06652284  0.01215705  0.08932953 -0.20191543  0.00467903
 -0.0552134  -0.0003832 ][ 0.04599196 -0.00528505 -0.01500318 -0.0191803   0.14078999  0.02164673
  0.03660375 -0.08484016 -0.01580367  0.06557095 -0.11353949 -0.07442014
  0.12045085  0.00661368 -0.13855432 -0.00075506  0.15173484 -0.03232393
 -0.13312232 -0.05664871 -0.13959152  0.13538477  0.14325818 -0.05074608
  0.02673521  0.10905431 -0.0700682   0.02852356  0.0333096   0.04567841
  0.11345748  0.05346624  0.11436912  0.02126579 -0.0851602  -0.00050846
 -0.04376469 -0.09188802 -0.1635986  -0.05853594 -0.0462165   0.01233433
 -0.20500337  0.18991248 -0.00939155  0.00348292 -0.04834427 -0.1446099
  0.04498206 -0.30230322  0.0366018   0.08688002 -0.09382384 -0.04421303
 -0.09414073  0.06583185 -0.00886222  0.00261162 -0.16290466  0.08047882
 -0.01072628  0.04011831  0.17932181 -0.06437994 -0.08674861  0.02559552
 -0.06665636  0.0506993  -0.00922602  0.01050337 -0.05363612 -0.06677708
 -0.07273345  0.00970415  0.11942735  0.22033434 -0.17285284 -0.07789238
  0.04587526 -0.08027323  0.06986031 -0.04515025  0.00829519 -0.04191175
  0.12095034  0.0580033   0.01489824 -0.11093439 -0.06290826 -0.11456107
 -0.0843623  -0.01076259 -0.02291603  0.12829584 -0.12220506  0.20746875
 -0.0682974  -0.01298393  0.07222749 -0.07343104 -0.02914304 -0.06879542
  0.01564503  0.06282616  0.05795649 -0.07332927  0.04436436 -0.05114575
 -0.02970438  0.02409134  0.07767525 -0.07892739  0.02293954  0.01720923
 -0.04228174 -0.03324999 -0.00167922 -0.10817523 -0.10747309 -0.00137681
  0.05573631  0.0691878  -0.0212709   0.04523018 -0.17411251  0.00666214
 -0.10011023 -0.04613693][ 3.39807197e-02 -2.74856240e-02  1.46159874e-02 -3.48364599e-02
  1.32174820e-01  3.60252261e-02  1.11119352e-01 -5.56247532e-02
 -3.06492057e-02  3.23239900e-02 -1.07444055e-01 -5.95070012e-02
  1.13311507e-01  6.28120005e-02 -1.81448117e-01 -9.20489579e-02
  1.40960366e-01 -9.49324518e-02 -1.38993204e-01 -4.88344133e-02
 -2.70607211e-02  9.87861529e-02  5.67508079e-02  3.19451056e-02
  9.14207753e-03  1.64311647e-01 -2.04459466e-02  3.94146591e-02
  3.00592799e-02 -2.44658906e-02  7.62150362e-02  7.87357390e-02
  1.42846599e-01  1.63745239e-01 -6.20991029e-02 -2.58163735e-02
  1.53347421e-02 -1.33837640e-01 -1.42452717e-01 -4.01383713e-02
  4.76089530e-02  3.76587659e-02 -1.99391857e-01  2.04542607e-01
 -4.18511257e-02  5.22329211e-02 -3.97410430e-02 -4.84574512e-02
  7.41011053e-02 -2.80230135e-01  8.46036002e-02  5.60660362e-02
 -6.99671805e-02 -1.16223879e-01 -9.41132903e-02  9.17245075e-02
 -6.02766918e-03  2.70435046e-02 -1.64198011e-01  7.84260705e-02
 -1.49174317e-04 -2.96825524e-02  1.75366268e-01 -2.10097674e-02
 -2.32360139e-02  1.16744093e-04 -4.44069467e-02  9.43081919e-03
 -2.57387049e-02 -8.24772287e-03 -5.79150021e-02 -8.24164674e-02
 -6.53640330e-02 -1.39966113e-02  1.02068841e-01  1.66596889e-01
 -6.08202182e-02 -9.18221548e-02 -4.43057232e-02 -5.76274693e-02
  1.99107349e-01 -4.49903458e-02 -1.93520021e-02 -1.53156623e-01
  1.10215306e-01  4.01280038e-02  8.31360114e-04 -1.13923931e-02
 -8.39546025e-02 -1.00874208e-01 -4.52021696e-02  2.30718851e-02
 -1.14285707e-01  8.79738480e-02 -9.95035321e-02  2.12528244e-01
 -1.32853195e-01  1.03441123e-02  5.46829477e-02 -5.22721708e-02
  2.13126373e-02 -9.73096043e-02  3.68613303e-02 -5.73399104e-03
  8.27976540e-02 -1.22254696e-02  2.86894441e-02 -3.84634957e-02
 -8.18885788e-02 -4.53805253e-02  5.71056269e-02 -6.43784553e-02
  3.76667678e-02  9.10061318e-03 -6.89173266e-02 -6.63841590e-02
 -8.19057152e-02 -6.57483265e-02 -9.69468877e-02  2.54821219e-02
  1.58760846e-01  3.50985192e-02  7.48262852e-02  3.89089845e-02
 -1.25733495e-01 -2.07915697e-02 -6.79502711e-02 -5.36932051e-02][-0.03267584  0.05109611 -0.01737366  0.05790553 -0.00937661 -0.20697345
  0.13090499  0.10563001  0.02656087 -0.08541086 -0.08148088  0.10210278
 -0.14721122  0.05001553 -0.04050327 -0.02723636  0.08184768 -0.04397263
  0.0760856  -0.015485   -0.0853249   0.11637205  0.10520153  0.00697707
 -0.08733007  0.12242613 -0.13942613  0.00815328  0.1463697  -0.20054421
  0.06836205 -0.0198632   0.19953912  0.11661156  0.02664824  0.01282544
 -0.10645599 -0.03663893 -0.10090867 -0.06122046 -0.03301264  0.04346734
  0.07977758  0.0891702   0.09403896 -0.0749119  -0.04010638  0.02828458
  0.12596826 -0.12331319 -0.02082128  0.01783418 -0.02312492 -0.01298295
 -0.03272174 -0.122854   -0.03388173 -0.01178605  0.00468958 -0.00583568
 -0.03239662  0.01549802  0.00695211  0.00662059  0.03751158 -0.01704109
  0.005464   -0.03042206  0.06539746  0.03687549 -0.05080051 -0.06911155
 -0.21206161  0.04445305  0.05141734  0.08585592 -0.06698533  0.09024221
 -0.07895326 -0.08999831  0.04052551 -0.06050776  0.01566914 -0.1105584
  0.20313138 -0.01089782  0.13947849 -0.11844596 -0.04365737 -0.22241606
 -0.15225078  0.06037742  0.08069175  0.09679773  0.06606174  0.14468184
 -0.01709246  0.23092581  0.11564757  0.0520033  -0.024783   -0.07348238
  0.04461455 -0.0230562   0.05916543  0.1546649   0.00196344 -0.03999735
 -0.06986689  0.06778087  0.04830324  0.03114577  0.01744298 -0.0062705
  0.0584581   0.05757478 -0.07660301 -0.10464577  0.04782808 -0.0141425
 -0.03107217  0.11886035 -0.05209991  0.04184816 -0.20514584  0.01535888
  0.07867707 -0.14781131][ 0.09792782 -0.061634   -0.00353165 -0.09221807  0.18026406  0.00340519
  0.09499847  0.04883882 -0.04043691  0.02611499 -0.10727548 -0.04222781
  0.06343365  0.01164167 -0.10740399 -0.03889428  0.20633991 -0.09440791
 -0.10012293  0.00920162 -0.09099437 -0.00693774  0.1642705  -0.00253725
 -0.02891189  0.0400451   0.00846373  0.05784801  0.03730427  0.09580199
 -0.03888482 -0.00065681  0.0277596   0.00832172 -0.14658286 -0.00746042
  0.00358764 -0.08385627 -0.0427493   0.04651955  0.03612408  0.05087188
 -0.11870696  0.13208327 -0.00447404  0.04493883  0.01978587 -0.05922904
  0.00587195 -0.16431388  0.02298992  0.15837057 -0.06281728 -0.018442
 -0.085095    0.15950528 -0.06401575  0.00886058 -0.1061473   0.16000876
 -0.07049333 -0.1092127   0.2122606   0.06361932 -0.06562981  0.10272145
 -0.03523351  0.02363542  0.0434138   0.06850495 -0.06036883 -0.16127752
 -0.05620604 -0.00921237  0.17860715  0.1264153  -0.12074378 -0.00340494
 -0.04535115 -0.04416855  0.10533654 -0.03299053 -0.00117415 -0.01177989
  0.14660035  0.09195579  0.12350177 -0.07758274  0.03617926 -0.15822017
 -0.03287168 -0.07511182  0.01790372  0.11734511 -0.09663343  0.17070119
 -0.13371682  0.00215173  0.11530498 -0.12708953 -0.03170468 -0.13639902
 -0.08990643  0.10757287 -0.0181036  -0.07588828  0.08068494 -0.05151861
 -0.01739241 -0.03010262  0.08490933 -0.10365749  0.0110765   0.1432618
 -0.09012134  0.0220402  -0.09222109 -0.04926475 -0.09936511  0.00641455
  0.0305643   0.09030087 -0.11204113  0.1307702  -0.14499815 -0.00240718
 -0.04961214 -0.09961376][ 0.05630846 -0.02062788 -0.00568928 -0.02994545  0.08716266  0.06912456
  0.05651476 -0.16979541 -0.04446819  0.11977109 -0.08125129  0.09581164
 -0.01712365  0.10783436 -0.11853382  0.03741973  0.09925     0.0141572
 -0.0846445  -0.02595582 -0.14151022  0.02978663  0.06378889 -0.11155368
 -0.00411105  0.15180379 -0.09670701  0.03513922 -0.04621501  0.09506236
  0.15699726  0.0253465   0.07639333  0.00760938 -0.13975328 -0.00909098
 -0.04339797 -0.11838544 -0.0459616  -0.0080264  -0.00850052  0.08937063
 -0.08487384  0.18991493 -0.03987527 -0.00923327  0.03574629 -0.04464893
 -0.04289906 -0.24685112 -0.03119899  0.13950238 -0.05561062 -0.05079953
 -0.08470159  0.11571082 -0.02690955  0.01097639 -0.10321885  0.14693812
 -0.0293997  -0.00418677  0.12815195 -0.00669254 -0.10185413 -0.00386314
 -0.06437801  0.03744827  0.05109475  0.03385969 -0.07900231 -0.08367991
 -0.11020881 -0.03148448  0.02121984  0.12020384 -0.17141885  0.03819158
  0.09427002 -0.10670212  0.07911359 -0.00956702 -0.00068399 -0.02962576
  0.07849153  0.13051055 -0.04659108 -0.14899716  0.02442362 -0.05725546
 -0.06185853 -0.02843896  0.10913747  0.0957862  -0.12228075  0.17696908
 -0.00873616  0.00050819  0.04275779 -0.09872848 -0.0413046  -0.16557994
  0.00958771  0.17627086 -0.0817569  -0.04196336  0.05998941 -0.03134631
 -0.03553882  0.04407663  0.13745917 -0.15274434  0.00895512 -0.04777456
 -0.00468871  0.00772326 -0.08770731 -0.13897774 -0.06294331  0.00764182
 -0.00122876  0.10223996 -0.00348713  0.02208322 -0.25647408 -0.00232587
 -0.11047186 -0.10424417][ 5.15313409e-02  4.54095453e-02  9.21625271e-02  2.01425273e-02
  5.25465384e-02 -9.18844193e-02 -9.35311336e-03  1.31160067e-02
 -9.89499614e-02  6.83408678e-02 -1.22279838e-01 -9.60516557e-02
  1.03080295e-01  8.56909156e-02 -5.30096702e-02 -9.27240327e-02
  1.28168091e-01  2.91040875e-02  1.03730090e-01 -9.82114300e-02
 -1.13863133e-01  7.48049617e-02  2.44149920e-02 -8.85984600e-02
  2.52266955e-02  8.92232805e-02 -8.71818215e-02  1.53344516e-02
 -1.00903129e-02 -4.40526940e-03  3.59069407e-02 -1.81947306e-01
 -1.87152356e-04  1.23200513e-01  7.94748403e-03 -1.05144799e-01
 -6.44318983e-02 -1.24577805e-01 -1.83476686e-01 -2.22308710e-02
  1.58423837e-02 -9.45879798e-03 -3.30871679e-02  2.51380682e-01
 -4.12528217e-03  3.51309292e-02  2.78606564e-02 -1.56890023e-02
  1.48607921e-02 -9.02492702e-02  3.68260257e-02  1.12897024e-01
 -8.22221935e-02 -5.52378371e-02 -9.43398029e-02 -1.23924101e-02
  1.31950155e-02  1.05734490e-01 -2.15193689e-01  6.96707070e-02
  8.47046438e-04 -1.10074766e-01  9.39484537e-02  1.78222153e-02
 -4.15027998e-02 -3.19588035e-02 -4.28600088e-02  8.14790651e-02
  4.38451879e-02  9.69377719e-03  8.53610113e-02 -4.50063646e-02
 -1.25105595e-02  3.95422988e-02  4.15959992e-02  6.62508383e-02
 -1.33381948e-01  7.21367896e-02  2.06287250e-01  1.31214997e-02
  3.02111693e-02  5.63273355e-02 -9.72904637e-02 -7.41305500e-02
  2.75878180e-02 -5.93440719e-02  1.46878988e-01 -6.35785982e-02
  8.62712860e-02 -8.83317217e-02  1.80340912e-02  1.33879274e-01
  1.52835384e-01  3.00293453e-02 -2.65390351e-02  1.79905534e-01
 -3.53482887e-02  7.01344386e-03 -4.42165835e-03 -2.99272463e-02
 -7.97646642e-02 -2.49429539e-01  9.81820375e-03  1.00070134e-01
  1.28583938e-01  1.04709111e-01  4.65460494e-02 -6.62511289e-02
 -5.76300286e-02 -6.59336001e-02 -4.20920327e-02 -3.75399850e-02
  9.40180123e-02  6.53399378e-02  3.38595570e-03  2.31920574e-02
 -1.31497577e-01 -4.28742617e-02 -4.95695360e-02  1.07931226e-01
  8.34924057e-02  8.94790143e-02  1.92972481e-01  7.40186945e-02
 -1.93862274e-01 -9.97508466e-02  1.22747924e-02 -7.19468296e-02][ 0.03521219  0.01190675  0.01274331  0.10366373  0.10333218  0.02623211
  0.10808315  0.05884056 -0.05820949  0.0673571  -0.16933511 -0.0197512
  0.03038906  0.0433967  -0.10397262 -0.08775885  0.17654723 -0.11154158
 -0.10401256 -0.07859591 -0.0836428   0.04327728  0.1237537   0.04300037
  0.01126743  0.10336071 -0.02858158  0.03990535  0.08342813  0.06218991
  0.12944655 -0.04012826  0.10157886  0.06454376 -0.17310603 -0.02641297
 -0.0396111  -0.0741834  -0.20853865  0.00340443 -0.02206928  0.04818998
 -0.17128976  0.14747237  0.09268489 -0.03713204  0.03558271 -0.06587929
  0.06823598 -0.24961221  0.0750961   0.1690631  -0.10543174 -0.03894548
 -0.07873944  0.10755298 -0.00477197  0.02803369 -0.14276206  0.12353653
 -0.01777794 -0.10356385  0.18054666  0.0014948  -0.09283115  0.03591554
  0.0259205   0.00240853  0.04182327  0.0245234  -0.03200489 -0.08232764
 -0.05091716 -0.08902663  0.12637281  0.14578901 -0.18759505 -0.05006874
 -0.03229677 -0.05594532  0.10494128 -0.02815717 -0.01848272  0.01561724
  0.14682932  0.05811793  0.02341745 -0.0009329   0.09762555 -0.14070886
 -0.00469619 -0.00168349 -0.03067642  0.06561061 -0.1111899   0.15533343
 -0.10584436  0.00426197  0.09728819 -0.05437056 -0.01951389 -0.14755894
 -0.07972995  0.07137918  0.01395522 -0.03709707  0.06245358 -0.03984365
 -0.01158882 -0.0391442   0.01279483 -0.06983276  0.0485063   0.12439366
 -0.03848451  0.01846999 -0.17371045 -0.01795381 -0.04835752  0.02580419
  0.09607864  0.06274322 -0.02874621  0.11023022 -0.13990179 -0.02018807
 -0.08338987  0.02008605][ 0.05450633 -0.02547641  0.00714725  0.02063791  0.06655411  0.00753637
  0.05383841 -0.08047157 -0.02324401  0.082149   -0.08523997 -0.07834376
  0.06184122  0.02095153 -0.10681285 -0.02490592  0.12636727 -0.01742524
 -0.14076084 -0.10186926 -0.13750005  0.12697674  0.13293028  0.03280463
  0.04216153  0.13365299 -0.03309373  0.02131175  0.07245863  0.04874358
  0.13525124  0.01211414  0.16005065  0.05059423 -0.05741553 -0.02540201
 -0.05606117 -0.05892443 -0.23321202 -0.0303425  -0.01295952  0.02742863
 -0.14680436  0.20423794  0.05001278  0.01525395 -0.03943574 -0.12684724
  0.02875312 -0.28925008  0.02607701  0.06511199 -0.07973924 -0.07635052
 -0.09803288  0.08205619  0.01297161  0.02761454 -0.17191105  0.09450785
  0.01770715  0.06000157  0.18022658 -0.08248733 -0.09655572 -0.02026777
  0.00369283  0.02331841 -0.00723319 -0.02011655 -0.02989726 -0.05694707
 -0.1121702   0.01965586  0.05471424  0.20661479 -0.16844901 -0.05351548
  0.06217526 -0.12110001  0.10003436 -0.05719832 -0.01492039 -0.03993362
  0.13701947  0.05203286 -0.02088875 -0.10521883 -0.02536552 -0.13586935
 -0.02217079  0.03827539 -0.05770123  0.13922024 -0.09632963  0.19701046
 -0.09792565 -0.03244093  0.07986894 -0.05215944 -0.05390348 -0.08681037
  0.05722221  0.02013165  0.0883897  -0.00297268  0.04398958 -0.0679487
 -0.01996366  0.00213986  0.08556052 -0.09166062  0.0514336   0.00926129
 -0.04348298 -0.03723421 -0.04094961 -0.08525092 -0.07857107  0.02419852
  0.0822861   0.04381694  0.03407345  0.04877696 -0.20836733 -0.01709721
 -0.1118576  -0.02480721][ 6.70446455e-02 -1.98660400e-02  5.92351984e-03 -8.33736211e-02
  1.28133684e-01 -2.13777297e-03  1.01821296e-01 -6.87830970e-02
 -1.42766554e-02 -4.90981806e-03 -1.58183143e-01 -4.63142470e-02
  5.24798743e-02  5.96608557e-02 -1.08828001e-01 -1.79037545e-02
  1.27848715e-01 -6.84674978e-02 -1.37993619e-01 -7.17315748e-02
 -1.05292043e-02  3.52346227e-02  7.29219317e-02 -9.48978029e-03
 -4.76400973e-03  9.78234783e-02 -1.69928670e-02  4.53834273e-02
  9.66721401e-02  4.56870757e-02  2.79432908e-02  1.45370388e-04
  1.45627901e-01  7.32253343e-02 -8.96353647e-02 -2.43024621e-02
 -4.69225831e-02 -7.49924630e-02 -1.92184031e-01  3.26677524e-02
  5.67934923e-02  6.97849914e-02 -1.19838171e-01  1.76106900e-01
 -7.39176816e-04  7.81917647e-02 -8.73575453e-03 -1.03830218e-01
  2.95408089e-02 -2.84979641e-01  6.30867854e-02  7.35974982e-02
 -1.08966239e-01 -1.28630280e-01 -9.56600085e-02  1.16246447e-01
 -2.09511314e-02  2.65710056e-02 -1.21557087e-01  7.25952312e-02
 -2.35001910e-02 -7.95546640e-03  1.89010173e-01  3.55736539e-02
 -7.09520876e-02  4.70781066e-02 -1.57953594e-02 -1.05603924e-03
  5.95011972e-02  1.87300351e-02 -9.35833305e-02 -1.45302996e-01
 -7.15229586e-02 -3.44041851e-03  8.16000253e-02  1.80038169e-01
 -1.49196804e-01 -6.87763840e-02 -4.56558354e-02 -5.89305721e-02
  1.17355533e-01 -5.78736141e-02 -1.37073826e-02 -3.27925757e-02
  1.73398361e-01  7.68905506e-02  8.13188925e-02 -3.87018211e-02
 -6.12815022e-02 -7.40552321e-02  8.03085044e-03 -8.17118119e-03
 -4.68910560e-02  1.33346215e-01 -5.43891750e-02  2.14580268e-01
 -1.51437238e-01 -1.96447298e-02  1.12255663e-01 -5.70799559e-02
  4.61213626e-02 -5.95743284e-02  8.92815460e-03  2.77036242e-02
  1.02840014e-01 -4.88642678e-02  5.28264455e-02  9.38730128e-03
 -1.09612614e-01 -5.96221201e-02  1.05585158e-01 -8.32557157e-02
  5.02456464e-02  4.17702347e-02 -9.34977978e-02 -4.07964103e-02
 -8.76016468e-02 -9.49608684e-02 -1.24752700e-01  2.29820926e-02
  1.32582173e-01  7.79898614e-02 -1.25366440e-02  9.14315730e-02
 -1.89812064e-01 -1.58766471e-02 -7.83655494e-02 -7.53523409e-02][ 0.02693958 -0.00352195 -0.02447201 -0.14033201 -0.06827463 -0.10977857
  0.05984628 -0.00325558  0.16490516 -0.02431476  0.02572951  0.02424029
 -0.0785026  -0.09094386 -0.04303112 -0.1490996   0.13208145 -0.06906131
 -0.04634851 -0.07378672 -0.08791213  0.062942   -0.02604633  0.0228585
 -0.1434388  -0.06446356 -0.0469475   0.02604429  0.0911082  -0.12823597
 -0.00501806  0.05766032  0.13381715 -0.10182279 -0.00036409  0.0205143
  0.02134664  0.04174162  0.02315256 -0.06561168 -0.04097975  0.04313876
 -0.0038488  -0.05713828  0.0102234  -0.06672358  0.10842797  0.02260593
  0.21366966 -0.29669514  0.04237517 -0.00286284 -0.02407793 -0.08958215
 -0.057027    0.04825315 -0.05707547 -0.01973487  0.10841969  0.06760771
 -0.05375957 -0.09542224  0.1004224   0.04526669 -0.07174341 -0.00154898
 -0.07756437 -0.10149985  0.03571128  0.04954278 -0.21738008 -0.16617893
 -0.26232836 -0.10874918  0.15676124  0.0281045  -0.0572996   0.03951726
  0.07807074 -0.16430259 -0.02253389 -0.0604355   0.02264649 -0.04194267
  0.16889064  0.07079697  0.06648324 -0.0556811   0.03486947  0.04086715
 -0.01150072 -0.00993036 -0.05463795 -0.00988087  0.0683369   0.09435041
 -0.1519842   0.1853309   0.09756564 -0.11119764 -0.04792245 -0.06172913
 -0.03296756  0.04842798 -0.04168849  0.1223912   0.01523139 -0.03462929
 -0.17203651 -0.0798919   0.01767325 -0.13887514 -0.01745506 -0.03294032
 -0.12460566 -0.04016519  0.08638133  0.01115072 -0.05688094 -0.02190109
 -0.00302744  0.02589549 -0.06574795 -0.07323923 -0.15055671  0.02246186
 -0.0461369  -0.01384152][ 0.03918488  0.01637158  0.00276247  0.04228995  0.072442    0.04553295
  0.04217209 -0.00445546 -0.04682247  0.07621463 -0.14921327  0.0221823
  0.02823672  0.00349191 -0.08198038 -0.00485127  0.16180058 -0.1519827
 -0.03344611  0.01220946 -0.11716315  0.10944853  0.13539617  0.05052571
  0.00181604  0.05894377  0.03136364  0.03474702  0.0187543   0.00715309
  0.12110049 -0.07711438  0.07277144 -0.02875178 -0.13281728 -0.01580778
  0.01493613 -0.1262815  -0.19760674 -0.02035785  0.03765687  0.03059951
 -0.15026397  0.24191067 -0.03784828  0.00917296  0.06867054 -0.06542434
  0.11604118 -0.189526    0.01348233  0.12677756 -0.10773657  0.01360054
 -0.08479302  0.12870952 -0.02216229  0.01742847 -0.22978516  0.10482293
 -0.02967364  0.02115379  0.19523937 -0.04371918 -0.04681779  0.05262431
  0.00821711  0.05692072  0.06256194  0.03320752 -0.05536694 -0.14002992
 -0.05874461 -0.05022492  0.12460079  0.02831807 -0.19919768 -0.03139774
  0.02943952 -0.09069838  0.07313763  0.02530844 -0.0083241   0.03192399
  0.09331413 -0.01389037  0.02248203 -0.06995989  0.0533723  -0.09816007
  0.02310483  0.00330592 -0.01541064  0.10365466 -0.14371563  0.18717566
 -0.05080478  0.03451451  0.05667603 -0.04352352 -0.09710445 -0.18512072
 -0.04818231  0.14961478  0.06398142  0.06042477  0.06471844 -0.00964185
 -0.00580809  0.00429996  0.0756184  -0.13429204  0.02669838  0.11196309
 -0.014689    0.00080926 -0.1051563  -0.09673972 -0.09684785  0.01485983
  0.0762497   0.08298077 -0.01824727  0.091097   -0.20810103 -0.00985702
 -0.04389722 -0.10978168][ 0.0484699   0.00332951  0.00157353  0.00931773  0.02004154 -0.00318123
  0.05696686 -0.00317577 -0.04535549  0.03631393 -0.09197961 -0.07429604
  0.0062179   0.08859384 -0.12050099 -0.00517153  0.17834017 -0.07089771
 -0.12587108  0.00138887 -0.06767568  0.10335355  0.00291899  0.06726696
 -0.00452745  0.14114289  0.0058672   0.04228315 -0.05422436  0.01552252
  0.11598989 -0.01584618  0.11045059  0.02688377 -0.02741966 -0.0137728
 -0.00223882 -0.08869424 -0.11206615  0.00194892  0.03363547  0.10106777
 -0.1507218   0.20144598 -0.02346516  0.0553061   0.00206282 -0.05998801
  0.06929858 -0.28762946  0.07618512  0.21464518 -0.04413082 -0.02281206
 -0.08614557  0.1748337  -0.01597467  0.01524206 -0.14118467  0.132165
 -0.01795395 -0.0217385   0.16308567  0.01215371 -0.08040693  0.03775837
 -0.03139193  0.0799735   0.02798831  0.01584522 -0.06675988 -0.17925401
 -0.0813362  -0.13654438  0.03201431  0.07503311 -0.13178337  0.00180863
 -0.01401826 -0.05915933  0.11568004 -0.03160375 -0.00686224 -0.08654084
  0.09166142  0.04975616  0.06100288 -0.1065542  -0.02775909 -0.09844808
  0.01700404 -0.00494779 -0.04675571  0.05558108 -0.08571269  0.189199
 -0.13426714 -0.04237811  0.03986691 -0.03876699 -0.09141219 -0.20096493
 -0.01620408  0.1297528   0.04374124 -0.04728492  0.06322308  0.00859802
 -0.00753359  0.01438278  0.09186432 -0.15848447  0.01976543 -0.00591875
 -0.07267199  0.01180357 -0.09542279 -0.10399494 -0.07434925  0.01285141
  0.05085092  0.04158922 -0.05383529  0.13789839 -0.24016157 -0.00828113
 -0.08797936 -0.12086585][ 2.62063760e-02 -5.82917873e-03  3.02212741e-02 -1.64202575e-05
  1.06687285e-01  3.25829387e-02  7.20109567e-02 -3.28911506e-02
 -6.29554968e-03 -3.50780487e-02 -1.41977593e-01 -3.41551229e-02
  1.21536441e-01  4.50543314e-02 -1.11552827e-01 -2.91681699e-02
  1.34303525e-01 -1.37621611e-01 -7.84728974e-02 -7.85232522e-03
 -2.64745951e-02  7.20990971e-02  7.18520954e-02 -4.07417864e-02
  2.87712906e-02  1.49583310e-01 -1.56978257e-02  3.20998579e-02
  9.92261469e-02 -3.51455435e-02  2.11592000e-02  8.92310962e-02
  1.30843759e-01  2.04801545e-01 -1.58960074e-02 -4.95360866e-02
 -2.96568908e-02 -9.50244218e-02 -2.25152522e-01  4.10256684e-02
  2.24332837e-03  1.12750884e-02 -1.41221762e-01  2.92979270e-01
  1.16494866e-02  7.98888952e-02 -2.16401294e-02 -1.09504826e-01
  2.23608948e-02 -2.40038797e-01  3.70062143e-02  4.67626750e-02
 -1.06693730e-01 -1.13374628e-01 -9.81124490e-02  8.31257552e-02
  2.92184018e-03  5.16337194e-02 -1.89322859e-01 -7.55298184e-03
  8.84001050e-03  1.42868487e-02  1.94901943e-01 -6.56286627e-02
 -6.12122342e-02 -1.28132589e-02 -1.04499264e-02  5.39366417e-02
  3.98755968e-02 -1.84819587e-02 -4.86811846e-02 -7.94516578e-02
 -4.84888516e-02 -2.02111416e-02  3.98208648e-02  1.03870228e-01
 -1.17396869e-01 -1.56273115e-02  6.46005943e-03 -5.75374253e-03
  1.79518461e-01 -5.47216721e-02 -3.83273512e-02 -7.69288614e-02
  1.52685344e-01  7.10142180e-02 -2.96305940e-02 -1.01619149e-02
 -9.91584510e-02 -1.32922977e-01 -1.05562126e-02  1.61243174e-02
 -8.84856284e-02  1.74942255e-01 -5.95785901e-02  1.97720617e-01
 -1.13127001e-01  2.90929843e-02  7.19952211e-02 -3.31029370e-02
  2.07861662e-02 -7.57789761e-02  8.02310929e-02  5.74481227e-02
  7.89297447e-02  3.14520136e-03  3.75559144e-02 -6.00583106e-03
 -5.20785004e-02  7.92452600e-03  3.29689905e-02 -8.62440318e-02
  7.07418025e-02  5.31211533e-02 -7.10090101e-02 -1.78792831e-02
 -1.01339430e-01 -8.56089368e-02 -7.14568347e-02  4.91658226e-02
  6.17082939e-02 -1.21351313e-02  3.88078764e-02  8.55066478e-02
 -2.18857214e-01 -4.08607833e-02 -7.46786594e-02 -7.61991441e-02][ 0.00807088 -0.04218433 -0.01393023 -0.06201528  0.13436706  0.03501792
  0.03662753 -0.12492621  0.01708583  0.01960884 -0.06846634 -0.0377764
  0.06816476 -0.06072252 -0.05070597  0.03548484  0.1949129  -0.10450968
 -0.04766828 -0.020862   -0.1448507   0.01794241  0.05722946  0.05101136
 -0.01521837  0.0505741   0.03082415  0.01846561  0.0240594   0.04545711
  0.05861964  0.02416191  0.04703219 -0.00421895 -0.08822244  0.00362963
 -0.07823122 -0.09483231 -0.09070865 -0.13937011  0.06519223  0.01002104
 -0.11002836  0.19952239 -0.01936116  0.03858026  0.07026245 -0.13609602
  0.08664618 -0.27654245  0.03380819  0.06767663 -0.05098557 -0.08015921
 -0.09855944 -0.01283263 -0.026053   -0.0022467  -0.16847019  0.15891558
 -0.02119754  0.01061657  0.11851138 -0.00665552 -0.03174039  0.02268565
 -0.10062439  0.11337025  0.01894748  0.01506384 -0.13117768 -0.0218674
 -0.13208766 -0.02883558  0.15146981  0.2239141  -0.14990245 -0.02974738
 -0.00724311 -0.15544671  0.1176289   0.02704214  0.00940569 -0.03865141
  0.1553104   0.05877514  0.07745513 -0.1148074   0.01399549 -0.10053155
 -0.16836026 -0.01953309 -0.00222193  0.06929009 -0.17338473  0.19577175
 -0.1653892   0.02272794  0.11991034 -0.11556807 -0.06488798 -0.0784806
 -0.04446293  0.09578649  0.01078159 -0.02499643  0.01110155  0.05219024
 -0.06914324 -0.01368381  0.1258392  -0.0803436  -0.00491504 -0.01771943
  0.01549433 -0.04193321  0.01463565 -0.04541235 -0.0980335  -0.00501141
  0.16703138  0.08303768  0.07070857  0.01819726 -0.12261738  0.00835655
 -0.04922902 -0.02671777][-6.17107861e-02  4.90623713e-02 -1.63108285e-03  5.37511036e-02
  1.91941876e-02  2.24746782e-02  3.31669375e-02 -1.24235600e-02
  3.37854587e-02 -1.80479307e-02 -1.73066586e-01  6.84119016e-02
  6.87366351e-03  5.50988428e-02 -3.73811014e-02  4.25844602e-02
  1.21855333e-01 -9.47939605e-02 -4.72837612e-02 -5.15868030e-02
 -8.37040693e-02  1.22555435e-01  2.29485735e-01  1.05077855e-01
 -8.10991153e-02  7.13360608e-02 -8.63950253e-02  1.18721416e-02
  2.13515475e-01 -3.63383479e-02  1.18634716e-01 -6.05994686e-02
  1.81548327e-01  1.09817468e-01 -1.73558444e-02 -5.61312586e-03
  9.98791365e-05 -7.35132247e-02 -1.20932102e-01  5.69387851e-03
 -8.66133254e-03  8.71138200e-02 -1.44699393e-02  1.31359592e-01
 -7.92826414e-02 -7.41690993e-02 -6.94276160e-03 -1.13732196e-01
  8.28624070e-02 -1.96615353e-01 -4.54909876e-02  7.43407309e-02
 -5.37339188e-02  3.26599814e-02 -7.46150166e-02 -1.35447057e-02
  1.39055192e-03  6.68881647e-03 -1.35270700e-01  4.77997251e-02
  9.07899905e-03  3.62051139e-03  1.11110747e-01  1.81152262e-02
 -9.84443277e-02  6.29034936e-02  7.67046735e-02  3.81541392e-03
  3.18208225e-02 -1.67189334e-02  6.94414601e-03  2.06386875e-02
 -1.28374711e-01  4.57045212e-02  2.49948297e-02  1.88963972e-02
 -1.59155056e-01  7.64696002e-02  4.31172810e-02 -1.08304799e-01
  1.12755820e-01  3.95868383e-02 -1.28997059e-03 -6.68084621e-02
  6.08315133e-02  2.40925960e-02 -3.42358765e-03 -1.12427168e-01
  5.98354638e-03 -1.03841141e-01 -1.33129567e-01  5.86150214e-03
  1.09763987e-01  1.00057080e-01 -1.30836636e-01  2.95367371e-02
 -6.30806237e-02  7.32668713e-02  1.12816267e-01  4.22455519e-02
  2.33010924e-03 -1.29728973e-01  1.07461803e-01  1.39887154e-01
  7.12535679e-02  9.39145014e-02 -5.56919910e-03  1.61925831e-03
  3.21001485e-02  7.72449225e-02  1.12444714e-01 -7.46528432e-02
  2.69161314e-02 -2.43008859e-03  1.31368181e-02  1.80789940e-02
 -1.45404503e-01 -8.46400410e-02  1.77095775e-02  4.83225053e-03
  9.82114896e-02  7.83215538e-02 -5.48466258e-02  3.95818464e-02
 -3.70327055e-01 -2.09411047e-03 -8.41849223e-02 -2.02715218e-01][ 5.00550531e-02  6.68865591e-02 -1.40088545e-02  4.87587377e-02
  1.27790526e-01  1.81062967e-02  6.63035884e-02 -6.70540496e-04
  1.98976398e-02  3.92704532e-02 -1.42152846e-01 -6.83065578e-02
  1.34908497e-01  1.74512155e-02 -1.52055919e-01  1.22567639e-02
  1.72049209e-01 -1.11482956e-01 -8.79317448e-02  9.02581364e-02
 -7.62474760e-02  1.18325204e-01  1.82842128e-02 -5.63682988e-02
 -4.53680269e-02  9.34262648e-02  3.96390148e-02  4.15516049e-02
 -6.65292726e-04 -6.42140880e-02 -1.97943356e-02  5.29276580e-02
  1.21410109e-01  1.01815619e-01 -7.69305900e-02 -1.79592136e-03
 -2.68570031e-04 -8.61175209e-02 -7.92132095e-02  4.82318401e-02
 -6.77300617e-02  5.74307851e-02 -1.45929918e-01  1.70084015e-01
 -4.88281585e-02  3.12103834e-02 -9.73582119e-02 -1.23549253e-01
  2.61495374e-02 -3.35004777e-01  9.71662924e-02  8.71266872e-02
 -1.72874164e-02 -3.64795811e-02 -1.03140570e-01  1.24500185e-01
 -2.33399943e-02  3.89069016e-03 -1.39128730e-01  9.09476727e-02
 -3.25593352e-02  3.68068963e-02  1.52532905e-01  2.77445223e-02
 -7.21016824e-02  1.02182917e-01 -1.09736890e-01 -8.86162650e-03
 -5.00194393e-02  3.17266099e-02 -1.20659404e-01 -6.68900982e-02
 -1.20745637e-02 -3.56943533e-02  6.91980347e-02  1.11843273e-01
 -1.28264070e-01 -6.24181004e-04 -4.09448408e-02 -9.09988508e-02
  6.66295364e-02 -5.10050282e-02  7.10754702e-03 -2.55322158e-02
  1.38169914e-01  5.27120791e-02  7.04312399e-02 -8.52698386e-02
 -1.08075820e-01 -1.52175099e-01 -1.26158372e-02 -3.33777592e-02
  1.51682757e-02  7.82127827e-02 -1.77741107e-02  2.22891420e-01
 -1.16505148e-02  5.71879223e-02  7.60926828e-02 -7.16579631e-02
 -8.43231753e-02 -9.35493484e-02 -3.76276113e-02  1.30558550e-01
  1.40339267e-02 -3.88376005e-02  6.66497499e-02 -1.73528027e-02
 -1.35349125e-01  1.38025507e-02  4.27365974e-02 -1.60287291e-01
  8.31627939e-03  3.95488292e-02 -4.48030829e-02 -3.49329337e-02
 -1.46704838e-01 -1.07314184e-01 -9.20214877e-02 -7.19056989e-05
  8.14285781e-03  6.21778592e-02 -9.23770294e-02  4.55737710e-02
 -2.25383177e-01  5.43721626e-03 -4.80135046e-02 -8.75162780e-02][ 0.09678949 -0.00277893  0.00106971 -0.08501571  0.12114603  0.08691399
  0.03505568 -0.09795258 -0.015332    0.07316241 -0.05021864  0.04702469
  0.01509978  0.03729699 -0.13453892 -0.05109881  0.17626417 -0.00982175
 -0.05142051 -0.03371015 -0.03322178  0.11927015  0.12213142 -0.20890516
  0.07568012  0.09604199 -0.05287787  0.02851875 -0.08555282  0.01952671
  0.14022946  0.06118745  0.00442774  0.06822039 -0.10602468 -0.01717296
 -0.04860708 -0.09403409 -0.03739404 -0.06126406 -0.00281372  0.01388031
 -0.1128336   0.22354843 -0.02288223  0.05634727  0.01653105 -0.14850788
 -0.02465773 -0.26674488  0.09879609  0.0986302  -0.0837239  -0.12079939
 -0.09689581  0.02711294 -0.03399045  0.0191009  -0.06672747  0.05523235
 -0.03274227  0.14742653  0.14791374  0.00654485 -0.08723266  0.07502794
 -0.04649127 -0.00439889 -0.04111867  0.03141509 -0.03563051 -0.13455084
 -0.03868346  0.0084249   0.01278376  0.11277804 -0.18631981  0.06909005
  0.08769187 -0.12479416  0.11959361 -0.03095224 -0.00796988 -0.02080932
  0.11388501  0.11734066 -0.03343548 -0.09314799 -0.02758056 -0.05660634
 -0.08930022  0.01513801  0.05865509  0.18359    -0.10561988  0.2364482
 -0.01094681  0.00817154  0.07389848 -0.15323144  0.06888107 -0.07876372
  0.03285056  0.10197344  0.05235421 -0.05103671  0.0579615  -0.10302916
  0.05432516  0.00059981  0.09851184 -0.12525818  0.00526345 -0.00276621
  0.00837527 -0.05012563 -0.02652509 -0.03446215 -0.10204123  0.01589914
  0.03234491  0.11237243 -0.05880388  0.01932284 -0.134623   -0.00984106
 -0.0632294  -0.15330943][ 5.25888614e-02 -1.41603956e-02  6.74986374e-03  1.26730157e-02
  7.71963149e-02  5.47586940e-02 -3.24651971e-02  3.26807015e-02
 -8.79652053e-02  1.08711712e-01 -1.05524719e-01 -3.63589637e-02
  7.07648648e-03  1.69538930e-02 -6.35658205e-02 -1.99159235e-03
  1.28907248e-01 -1.08114019e-01 -5.44704683e-02 -1.09585196e-01
 -1.12528592e-01  2.99535766e-02  3.59567031e-02  6.34385943e-02
 -5.32006193e-03  5.18268608e-02 -4.96796239e-03  2.88052186e-02
 -1.54129053e-02  5.34353815e-02  7.92064890e-02 -1.24060459e-01
  4.95058820e-02  2.69880388e-02 -1.32359117e-01 -1.53569356e-02
  5.67243323e-02 -1.64388925e-01 -2.03447342e-01 -2.22185161e-02
  9.47134476e-03  5.89273199e-02 -1.35083735e-01  2.02035844e-01
 -3.59073170e-02  7.72907138e-02  2.62250751e-03 -2.35056244e-02
  7.21698254e-02 -2.11804286e-01  1.76085159e-02  1.33251995e-01
 -6.19510114e-02 -4.82645780e-02 -9.00647417e-02  1.43613651e-01
 -3.72795872e-02  1.62462611e-02 -2.25894168e-01  1.78461850e-01
 -4.19938527e-02 -1.30855545e-01  1.31115556e-01  3.60814808e-03
 -6.83683008e-02  1.30042866e-01 -1.09194957e-01  4.84762117e-02
  3.05563286e-02  4.52745557e-02 -7.73763806e-02 -1.57946423e-01
 -4.05746400e-02 -2.47140564e-02  9.78971198e-02  6.97460920e-02
 -2.30621278e-01 -5.63212074e-02  8.21625590e-02 -1.00500882e-01
  1.07601687e-01  7.02812746e-02 -1.05375471e-02  2.08943412e-02
  5.64225875e-02  4.43251058e-02 -1.92814432e-02 -3.88726629e-02
 -1.20260660e-03 -7.11489320e-02 -1.50044514e-02  2.50467174e-02
  3.02896723e-02  1.80349369e-02 -8.84399340e-02  1.71651691e-01
 -8.05190355e-02 -5.79767860e-02  2.78108530e-02 -8.97697806e-02
 -3.57974507e-02 -2.55256146e-01 -5.74687384e-02  1.39376640e-01
  2.73717698e-02  7.29285628e-02  6.20100796e-02 -4.94522452e-02
 -3.34253646e-02 -4.56317440e-02 -2.10955652e-04 -9.97765884e-02
 -2.09231512e-04  1.54192494e-02 -8.15833062e-02  4.24952433e-03
 -1.29479453e-01 -5.44640310e-02 -1.16636910e-01  1.50348349e-02
  8.87382850e-02  8.20964649e-02 -2.00791098e-02  5.95741458e-02
 -1.96982920e-01 -1.16134631e-02 -9.57221761e-02 -5.44737987e-02][ 0.0562232   0.0035128  -0.00110507  0.0500504   0.06239988 -0.03278945
  0.04941199  0.02593953 -0.01708774  0.06539539 -0.09987722 -0.05022319
  0.0296945   0.07226479 -0.12504104 -0.04850431  0.14140818 -0.06321871
 -0.10267323 -0.07683322 -0.05317322  0.10246654  0.0586044   0.06089965
  0.01742407  0.10161911  0.02693304  0.04021754  0.00080614  0.06697438
  0.11989342 -0.02343486  0.11600478  0.04318231 -0.05348798 -0.01418449
  0.0442312  -0.06839877 -0.1784994   0.00740951  0.01239139  0.08255301
 -0.15715262  0.21621616  0.01402206  0.0011986   0.01678158 -0.0533602
  0.13249609 -0.27607056  0.07538099  0.16565675 -0.02864893 -0.02233463
 -0.07594857  0.14745413  0.00483564  0.01611368 -0.18034062  0.1469001
 -0.00590763 -0.05093418  0.18193689 -0.02944274 -0.08538055  0.02277245
 -0.01200161  0.04547738 -0.02463908  0.01134268 -0.05907541 -0.1796705
 -0.07450266 -0.12006038  0.12301203  0.11433774 -0.13605806 -0.03702008
  0.03808645 -0.08310622  0.10038595 -0.01189033 -0.00548792 -0.07402701
  0.11429135  0.02527421 -0.00475581 -0.13876688  0.01889767 -0.06858366
  0.05207516  0.00954564 -0.05286067  0.04801289 -0.09616622  0.18418625
 -0.12117416 -0.02045088  0.04344459  0.01287495 -0.08458176 -0.13434039
 -0.04491095  0.10514151  0.0619237  -0.00184839  0.06909928 -0.01103214
 -0.0473326  -0.00226591  0.11044905 -0.14907175  0.04519774  0.03389547
 -0.08757705 -0.00816306 -0.08864535 -0.10720961 -0.06716013  0.01287689
  0.1417676   0.06556558 -0.02170916  0.12291455 -0.20548424 -0.00722955
 -0.08844491 -0.11296237][ 6.04365692e-02 -4.89265546e-02  2.50663105e-02 -1.23868976e-02
  6.28270730e-02  2.67802328e-02  4.99745645e-02 -3.16262841e-02
 -1.96899809e-02 -1.95979085e-02 -1.36200562e-01 -7.20736831e-02
  8.41668993e-02  2.79030371e-02 -1.20331183e-01 -2.93213297e-02
  1.21042766e-01 -8.56681839e-02 -9.72969234e-02 -4.77814823e-02
  8.98402277e-03  6.20696396e-02  4.71374243e-02 -1.94046814e-02
 -8.06073379e-03  1.02374211e-01 -1.69772599e-02  2.81643588e-02
  1.11524954e-01 -4.91632521e-02  8.27229545e-02  5.83793148e-02
  1.32543594e-01  1.86824054e-01 -3.89927030e-02 -4.81812656e-02
 -6.56087101e-02 -6.73130080e-02 -2.25544378e-01  7.29634464e-02
  3.45886201e-02  3.38940099e-02 -1.33241117e-01  2.56246448e-01
  1.18091917e-02  1.09822720e-01 -2.15240214e-02 -8.32412690e-02
  3.90303843e-02 -2.94129372e-01  5.49358204e-02  6.05955236e-02
 -8.77470449e-02 -1.17312849e-01 -9.74618345e-02  1.06253602e-01
  1.17820343e-02  5.08104488e-02 -1.38588488e-01  1.87086351e-02
  1.64215751e-02  7.53372768e-03  2.30556458e-01 -6.16401173e-02
 -5.73638640e-02 -1.09373378e-02 -9.50904842e-03  6.09131157e-02
  3.89008150e-02 -2.65865214e-02 -3.69337313e-02 -1.06092960e-01
 -4.26753461e-02 -4.53486554e-02 -5.73721295e-03  1.55203193e-01
 -1.12261549e-01 -5.36581315e-02 -6.59270299e-05 -1.25688203e-02
  1.82945922e-01 -5.59888035e-02 -3.48170139e-02 -3.66360582e-02
  1.20148413e-01  9.08934772e-02 -4.19216556e-03 -2.42898781e-02
 -1.06154829e-01 -9.50827152e-02 -7.96119682e-03  2.19987743e-02
 -9.45851430e-02  1.95988283e-01 -4.08227108e-02  1.92134917e-01
 -1.38735488e-01 -7.44875660e-03  9.37549993e-02 -6.11103326e-02
  4.93627302e-02 -8.28713477e-02  9.25683677e-02  5.95084280e-02
  3.71760242e-02 -5.46288257e-03  4.20668609e-02 -2.75385119e-02
 -4.12055328e-02 -1.06384614e-02  5.76259643e-02 -9.61269364e-02
  7.57538453e-02  3.64569984e-02 -9.45378467e-02 -1.06959082e-02
 -9.01222154e-02 -4.12241593e-02 -1.18924551e-01  4.72829230e-02
  9.54411775e-02 -1.88356114e-03  4.10345159e-02  1.01242080e-01
 -1.96628198e-01 -3.77339534e-02 -6.96799085e-02 -4.73612621e-02][-6.45995513e-02  3.22864130e-02 -4.16602045e-02  3.19115594e-02
 -4.35121320e-02 -1.26141131e-01  1.61144212e-01  4.95277792e-02
  1.07841879e-01 -3.95187289e-02 -3.51217911e-02  8.72859433e-02
 -1.27209663e-01 -5.53036742e-02 -4.80297543e-02 -5.63127510e-02
  5.31094372e-02 -1.34707674e-01  1.09709226e-01 -4.95128371e-02
 -8.24140310e-02  9.86462831e-02 -3.12196240e-02  3.05209029e-02
 -1.27738178e-01  1.34367496e-01 -9.99077484e-02  3.04166898e-02
  1.16969220e-01 -1.63860306e-01  5.27972467e-02 -1.11003660e-01
  1.57230318e-01 -3.80332436e-04  7.67507702e-02  3.03641018e-02
 -1.61795004e-04 -6.73995316e-02 -5.30292727e-02 -9.07213613e-02
 -4.93064262e-02  2.26921160e-02 -1.08449552e-02 -4.97383950e-03
  1.10710546e-01 -6.54728785e-02  8.64211470e-03  9.15468484e-02
  2.55741119e-01 -2.01892704e-01 -9.15454514e-03 -1.15321055e-02
 -7.30784424e-03  4.51756734e-03 -8.07020888e-02 -2.04407312e-02
 -5.81965372e-02 -2.83343811e-02  4.72239451e-03  1.39220795e-02
 -5.64548858e-02  3.38455327e-02  6.15254156e-02  2.91130189e-02
 -4.93362918e-02 -3.55862491e-02 -5.39945625e-02 -7.18478709e-02
  8.61533731e-02  6.05649166e-02 -8.42981562e-02 -5.35815395e-02
 -2.72524059e-01 -4.88769040e-02  1.92956269e-01  9.95874107e-02
 -7.61196390e-02  2.58597303e-02  1.20245278e-01 -1.00354679e-01
  5.58780460e-03  2.83517106e-03  3.67525369e-02 -6.22627251e-02
  1.89859748e-01  1.37271518e-02  1.13009028e-01 -1.01828098e-01
 -6.65762797e-02 -9.45986286e-02  3.60356458e-02  6.18741028e-02
  8.45244080e-02  6.93677962e-02  1.05142273e-01  8.13343599e-02
  2.98195016e-02  2.39018232e-01  1.50482908e-01  8.98196772e-02
 -2.87785120e-02 -5.57275750e-02  8.67498666e-02 -7.59870186e-02
  7.14513287e-02  6.49604052e-02  1.98695785e-03  6.58582011e-03
 -8.61199945e-02  1.09235190e-01  1.99886691e-02 -1.03715941e-01
 -4.79299854e-03 -1.38932198e-01  5.38292900e-02  2.16964539e-02
  2.00125910e-02 -1.01404741e-01  2.37166211e-02 -3.31791788e-02
 -7.27552548e-03  1.13678180e-01 -4.03667800e-02  2.63527408e-02
 -1.77205205e-01  3.59228812e-02 -4.16164100e-02 -1.06043890e-01][ 0.06051346  0.02130142  0.00904799 -0.06637286  0.12006957  0.02776669
  0.13007669  0.00798615 -0.05288465 -0.00203904 -0.10500334 -0.04743862
  0.03563483  0.02618674 -0.14608312 -0.08893896  0.16115537 -0.15692358
 -0.0246454  -0.01897782 -0.06944463  0.06227851  0.03673362  0.01492403
 -0.11705594  0.03811023  0.01985567  0.06155458  0.02184337 -0.08482827
  0.0257      0.04227083  0.03220806  0.13400926 -0.14573972 -0.01700693
 -0.01185857 -0.15030882 -0.13280949  0.08145677  0.05082596  0.06219658
 -0.07881018  0.18827844  0.01130078 -0.02528731 -0.01759307 -0.08854101
  0.10452543 -0.19600318  0.07125826  0.12565774 -0.12605903 -0.06281479
 -0.08859907  0.10743684 -0.04064694  0.0178575  -0.13950047  0.14989287
 -0.05269695 -0.01686023  0.23183699  0.03954003 -0.07594197  0.11500818
 -0.0098137   0.04282724 -0.0164161   0.053352   -0.0151662  -0.09155415
 -0.13046989 -0.04813824  0.10727055  0.12332032 -0.14553314 -0.03903761
 -0.08769383 -0.0750691   0.14298482 -0.02066395 -0.01247686  0.02620938
  0.10987926  0.11782328  0.09189443 -0.07505988 -0.04198964 -0.0907825
 -0.05223944 -0.06134305 -0.05655146  0.08695725 -0.05953163  0.18040559
 -0.11383406  0.08390316  0.1245533  -0.09532218 -0.0959677  -0.1781199
 -0.02461944  0.07508146 -0.01047237 -0.03703336  0.07509847  0.02368446
 -0.10785227  0.05928338  0.09115045 -0.10915624  0.01785895  0.12262075
 -0.0402799  -0.02060811 -0.11050874 -0.05831103 -0.03741479  0.01675993
  0.05347668  0.09742994 -0.07544059  0.08232193 -0.14860196 -0.01349094
 -0.06509091 -0.06081104][ 0.03351163 -0.00734836 -0.00410456 -0.0564316   0.07340655  0.03968993
  0.01581391 -0.11328582 -0.11532441  0.068919   -0.1231871   0.01249667
 -0.10117868  0.13436396 -0.11499988  0.02985257  0.04403286  0.0255021
 -0.10819615 -0.02857751 -0.08607443  0.10376877  0.00816919 -0.043362
 -0.03707633  0.11272708  0.04241464  0.02900175 -0.15720826  0.10297964
  0.13859352 -0.06925838  0.08899395 -0.03433695 -0.15325361 -0.00971142
  0.02409018 -0.15315257 -0.04301065 -0.00562612  0.00777363  0.06432087
 -0.09608564  0.16311811 -0.03177743  0.04356465  0.02014919 -0.09324964
  0.01867807 -0.277978    0.02239973  0.21632244 -0.03121878 -0.02271563
 -0.07220715  0.15919925 -0.00256566  0.01130868 -0.09091498  0.11644958
 -0.007863    0.04287463  0.15697847 -0.01710165 -0.14377487  0.04741297
 -0.0334926   0.00258336  0.00416976  0.01279681 -0.04435082 -0.05120208
 -0.03665515 -0.11078896  0.00658947  0.10000277 -0.14641857  0.02023618
  0.08600145 -0.08681635  0.07851411 -0.00956274 -0.00206306 -0.03880645
  0.06355511  0.04820587 -0.0030762  -0.13232264  0.01819041 -0.1134531
 -0.08410283 -0.04465527  0.00164384  0.16842206 -0.10668381  0.17971705
 -0.04680499 -0.01353948  0.01152542 -0.10164332 -0.04493244 -0.15650402
  0.08107176  0.13115633 -0.07925721 -0.06139658  0.0446184  -0.03797967
 -0.03759422  0.09083676  0.08722202 -0.1627927   0.00499057 -0.05798826
 -0.06756866  0.05198862 -0.09041125 -0.0589021  -0.08868071  0.00853541
  0.0068079   0.02852402 -0.10936115  0.03975866 -0.24880418 -0.00362366
 -0.13986759 -0.10183746][ 0.04118905 -0.0155729   0.02740344 -0.03523203  0.0872274   0.05227558
  0.0101781  -0.07544001  0.01074298  0.003817   -0.18708335  0.00171589
  0.11483481  0.02998558 -0.11706537 -0.00548142  0.16127898 -0.09011083
 -0.08635513  0.02194348 -0.04398648  0.06945384  0.09426474 -0.01161113
  0.03478163  0.06076848  0.00460433  0.01958211  0.08373962  0.09285538
  0.11812899  0.06029483  0.16019304  0.13069169  0.03268775 -0.04711882
 -0.07932205 -0.12860224 -0.20114666 -0.03575345  0.04115868  0.03874366
 -0.13088632  0.25909436  0.02679142  0.08783442 -0.02525084 -0.09407599
  0.01369324 -0.24500771  0.01875416  0.08972817 -0.02189161 -0.05314946
 -0.10452785  0.10574874 -0.00168993  0.04925057 -0.15826106  0.032191
  0.00175235  0.00165105  0.18347497 -0.0307575  -0.08289539  0.00169398
 -0.02315646  0.07458892  0.06140322 -0.00889346 -0.1236797  -0.11483075
 -0.10222075  0.00958267  0.10495599  0.13136446 -0.19147833 -0.05587775
  0.05737215 -0.1026411   0.16427541 -0.03758881 -0.03574185 -0.0100542
  0.14926794  0.02935142 -0.01073684 -0.06088628 -0.03749647 -0.12056024
  0.01123039 -0.0139713  -0.08749044  0.11854035 -0.06039849  0.21838112
 -0.07411997  0.00591267  0.0602521  -0.04151007  0.00476373 -0.10876478
  0.02823606  0.10607865  0.10226046  0.02266579  0.02913819  0.00999328
 -0.04996994 -0.04164941  0.10102236 -0.10697935  0.06392846  0.07844731
 -0.00247083 -0.02147008 -0.04740002 -0.07277222 -0.08892216  0.04664701
  0.08957182  0.04662798 -0.04058894  0.04572691 -0.19718157 -0.03829926
 -0.07918707  0.04699093][ 0.04443768 -0.07113125 -0.03102452  0.04846324  0.10352182 -0.04028878
  0.04754413  0.02171656 -0.00274182  0.0314952  -0.04934949  0.1052243
  0.00420796 -0.06623336 -0.06871708  0.03823396  0.14164376 -0.19767195
 -0.01156005 -0.08236666 -0.12152282  0.01241602 -0.06612311  0.0478177
 -0.03288313  0.10950593  0.01002924  0.0401584   0.04358205  0.02485592
  0.05537653 -0.07748757  0.02318307  0.01995077 -0.08536537  0.01909003
  0.03014473 -0.0562635  -0.0990307  -0.1463758  -0.00310959 -0.05181433
 -0.12067742  0.15223528 -0.1018334   0.08294152  0.13075949 -0.07369851
  0.1440907  -0.34775916  0.06980683  0.08640032 -0.03410459 -0.10290332
 -0.07611606  0.00933714 -0.02239661 -0.01740015 -0.10518255  0.17282306
 -0.03517985  0.0010435   0.06365327  0.02914396  0.05616717  0.02393565
 -0.11217315 -0.08389825 -0.00082387  0.04814405 -0.16998032  0.0130082
 -0.12834421 -0.10385367  0.10556588  0.12307428 -0.05063092  0.02293753
  0.02611448 -0.02452748  0.02136526  0.06027865  0.02558996 -0.06473557
  0.11357769  0.0609946   0.0496546  -0.03590772  0.14120048 -0.09418786
 -0.20001423 -0.1031182   0.0850831   0.12605618 -0.14951085  0.21575962
 -0.11410756  0.12996264  0.0270688  -0.2068147  -0.03523678 -0.00503172
 -0.07506776  0.05302154 -0.0269071   0.02107852  0.06129374  0.01127662
 -0.09623826 -0.03300873  0.04022396 -0.08757748 -0.01988852 -0.04522549
 -0.04170488  0.07952522 -0.08710172 -0.0376637  -0.07154298 -0.02125681
  0.08970253  0.00417154  0.13312002 -0.02859162 -0.13201064  0.0245287
  0.0204696   0.02070221][-1.32495668e-02  6.47573993e-02  2.57591400e-02  1.04307406e-01
 -2.12357584e-02  6.10263683e-02  2.60729324e-02  1.40664140e-02
 -6.92154765e-02  2.75521223e-02 -1.04897872e-01 -4.49694321e-02
  2.76094768e-02  7.95465782e-02 -1.08899079e-01 -1.17009789e-01
  1.92824930e-01 -6.55279309e-02 -8.59448835e-02 -4.14145216e-02
 -1.02510452e-01  1.28683671e-01  1.62006438e-01  4.22432683e-02
 -2.52882950e-02  9.55597758e-02 -3.97744495e-03  2.42248327e-02
  1.16436996e-01 -1.27280876e-02  1.70242459e-01 -5.27765565e-02
  1.05039403e-01  1.12640567e-01 -1.46898359e-01 -3.91635746e-02
  4.28923704e-02 -9.20968875e-02 -1.48414657e-01  5.63740060e-02
  5.05258106e-02  6.50095120e-02 -2.02080920e-01  1.53598741e-01
  2.18467806e-02 -2.86788531e-02 -1.74786467e-02 -7.43202046e-02
  6.73808977e-02 -2.59804785e-01 -3.00643523e-03  1.56183928e-01
 -9.47385356e-02  4.74981554e-02 -8.34016874e-02  1.43291488e-01
  7.44754728e-03  4.06201817e-02 -1.13171391e-01  7.99990520e-02
  2.50938348e-03 -5.10555543e-02  1.93718657e-01  1.77072249e-02
 -1.04390919e-01 -1.41296594e-03  8.66089240e-02  5.59436306e-02
  3.20175453e-03 -1.23371056e-03  1.66613460e-02 -1.13681652e-01
  3.37594096e-03 -1.52315035e-01  4.20425907e-02  1.06324553e-01
 -1.53454468e-01 -2.29156483e-02 -2.92303134e-02 -5.65204620e-02
  2.06909582e-01  2.31095795e-02 -3.12980376e-02 -3.73579524e-02
  1.18584134e-01  3.53899300e-02 -3.40788960e-02 -1.82745494e-02
 -5.51562011e-02 -1.42313749e-01 -5.09086847e-02 -1.73681770e-02
 -7.41829276e-02  1.33996531e-01 -8.61014277e-02  5.98336980e-02
 -5.35857826e-02 -2.35618595e-02  4.94573042e-02  6.58068527e-03
 -9.87649988e-03 -1.81342900e-01  4.55710106e-02  1.42021179e-01
  5.96042909e-02  1.82513259e-02  3.03442087e-02 -9.23874322e-03
  1.61148403e-02  2.26923767e-02  3.32389735e-02 -8.15662295e-02
  5.36398143e-02  5.12416884e-02 -2.07808223e-02  5.22369929e-02
 -1.45092592e-01 -4.93949950e-02 -2.67191157e-02  3.90965901e-02
  7.11373165e-02  5.91112440e-03 -2.21556093e-05  1.00625157e-01
 -2.21233606e-01 -3.31068374e-02 -8.36660042e-02 -7.42108375e-02][ 0.01338728  0.02262485 -0.01250799  0.07619876  0.03525784 -0.05491026
  0.0292144   0.00827866 -0.03576379  0.06986561 -0.13792087  0.02289538
  0.01920616  0.018739   -0.06201716  0.00504143  0.21760318 -0.12244418
 -0.10793013 -0.0549256  -0.14371842  0.09325129  0.08464675  0.0665389
 -0.02231736  0.06207657  0.04622002  0.03298211  0.02361742  0.01853031
  0.10870721 -0.0633724   0.09258444  0.02960704 -0.09563913 -0.00239029
 -0.01592652 -0.09283694 -0.16452108 -0.0395772   0.04049961  0.065576
 -0.21555656  0.20031351  0.04591039  0.08945088 -0.0175769  -0.03286845
  0.095171   -0.24089032  0.09570421  0.12687752 -0.11064056 -0.03050842
 -0.08161535  0.17068319 -0.00958354  0.00444063 -0.18329385  0.08788422
 -0.01671613 -0.01851006  0.17114201 -0.02377369 -0.08817986  0.05733728
  0.00868572  0.08608796  0.00423715  0.0198195  -0.05548351 -0.08892845
 -0.10971158 -0.10271798  0.10146759  0.13349079 -0.18643732  0.00666612
 -0.02092425 -0.12465363  0.09827951 -0.02165464  0.00609208 -0.02475476
  0.10721061  0.04119056 -0.03013215 -0.0663276   0.02328585 -0.10668741
  0.0064916   0.02521969 -0.10633975  0.04254727 -0.08314357  0.22765985
 -0.09779947 -0.0289869   0.05122373 -0.00761267 -0.11901098 -0.14178196
 -0.02898316  0.10031714  0.10860638  0.00606388  0.04074967 -0.02950924
 -0.00978036 -0.00501261  0.08973458 -0.12997308  0.03445311  0.05536994
  0.0206328  -0.04020221 -0.12923491 -0.08326723 -0.05504734  0.00060877
  0.10402513  0.04799103 -0.02953807  0.08895881 -0.19409162  0.00451662
 -0.06799317 -0.04702192][ 0.08550075 -0.04873113  0.00995633 -0.01369219  0.07027792  0.06344682
  0.06074496 -0.0844187   0.11590238 -0.04575481 -0.06651837  0.01654954
  0.11747652 -0.01627057 -0.14172043  0.03390177  0.14322327 -0.14436597
 -0.01030992  0.00267125  0.01600208 -0.00821016  0.12325076 -0.22479184
  0.04019968  0.19511339 -0.0555894   0.03427833  0.04179693 -0.01371529
 -0.00387911  0.12412858  0.05830425  0.22337028 -0.00641051 -0.02279
  0.03327312 -0.06199813 -0.1061992  -0.09516751  0.03612363  0.00346788
 -0.1305456   0.2561666   0.02996952  0.04673208  0.01519713 -0.12952845
  0.0109257  -0.16330703  0.07125081  0.04260856 -0.03936395 -0.1173711
 -0.08508878 -0.01903006 -0.03502448  0.02428307 -0.18509634  0.07994541
 -0.03113141  0.04094444  0.1409499  -0.04357516 -0.06735037  0.03681123
 -0.02817266 -0.09861141  0.03265693  0.02400627 -0.07143155 -0.11838369
 -0.05709581  0.0852453   0.13344671  0.06648065 -0.21469563  0.06230348
  0.06577488 -0.0034124   0.06179866 -0.07159968 -0.01534769 -0.07475035
  0.09343422  0.08260197 -0.12398309  0.02495421 -0.02281369 -0.06323014
 -0.09867547 -0.01124656  0.07802164  0.17469867 -0.06798086  0.1954223
 -0.00623165  0.00045189  0.08437008 -0.0939616   0.00615808 -0.00935419
  0.00227404  0.08063727  0.04004634  0.04651925  0.05468636 -0.02943574
  0.0321019  -0.03219743  0.11408179 -0.17658533  0.00991129  0.0636439
 -0.06696286 -0.05288308 -0.0037601  -0.06704807 -0.06778058  0.02208994
  0.04186886  0.14269747 -0.03290997 -0.03887422 -0.18568866 -0.01692393
 -0.06171034 -0.11846323][ 0.05718069 -0.04482035  0.03520081  0.03781887  0.1332971   0.04988469
  0.08774825  0.0629735  -0.0845959   0.06619256 -0.09920645 -0.00966295
 -0.01248573  0.04632099 -0.15210459 -0.03574439  0.1769822  -0.10923437
 -0.09158839 -0.04577782 -0.08537541  0.06680043  0.02249166  0.05947973
 -0.05787403  0.06923781  0.04542246  0.04960676  0.07541536  0.00815506
  0.07632482  0.0039549   0.06473089  0.13253397 -0.11082592 -0.04731492
  0.04350421 -0.18109825 -0.128692    0.04703948  0.01671174  0.05660154
 -0.14104873  0.17089368  0.0130973  -0.00586803 -0.04695085 -0.05947506
  0.02944135 -0.25961548  0.07172386  0.08821448 -0.05765091 -0.08282822
 -0.09168434  0.18220094  0.00659694  0.04846682 -0.16702503  0.17745624
 -0.00717616 -0.08346387  0.20439811  0.03513084 -0.09658822  0.11931232
  0.03920491  0.04989803 -0.05532728  0.00814385 -0.0899017  -0.06130744
 -0.11973277 -0.08767937  0.06137021  0.11582212 -0.09813316 -0.0177131
 -0.03865252 -0.06044901  0.11418586 -0.06815955 -0.0402094   0.004258
  0.0462277   0.07087164 -0.03856578  0.02014237  0.02117763 -0.0916192
 -0.0679698  -0.03081255 -0.03454512  0.05956407 -0.06775769  0.18823402
 -0.07421353  0.005492    0.08338474 -0.05753415 -0.00212947 -0.20657703
 -0.01832449  0.09611851 -0.00624275 -0.05096829  0.05899595 -0.03952076
 -0.10260304  0.0053367   0.077321   -0.14534311  0.06818648  0.09739741
 -0.11035995  0.05938445 -0.16296844  0.01522482 -0.09068653  0.04779198
  0.10083582  0.06494694 -0.0404648   0.09601816 -0.14303382 -0.04197473
 -0.09249818 -0.06424668][-0.00357864  0.05706051 -0.01399635 -0.02939383  0.05862011 -0.02654029
  0.00128999 -0.07423819 -0.0824252   0.04980901 -0.11782882 -0.01337645
  0.00216065  0.13142778 -0.15621144  0.02637099  0.05971014  0.05021339
 -0.08812981 -0.03047677 -0.05971802  0.13978022  0.04371464 -0.01661517
 -0.02984165  0.07371969  0.06271368  0.01660517 -0.11264472  0.13099773
  0.09516805 -0.03425914  0.08177324 -0.09179331 -0.05623256 -0.00311368
 -0.05442715 -0.15230152 -0.16024141  0.01798572 -0.00554255  0.05819646
 -0.08100235  0.16786334  0.01294395  0.02616335 -0.03789391 -0.08919597
  0.04920918 -0.24473678  0.03271575  0.19543113 -0.02671818 -0.01866912
 -0.06619145  0.08790123  0.01033067  0.00534178 -0.08764715  0.09644354
  0.0075313   0.02538593  0.17848673  0.00042731 -0.15317729 -0.01957176
 -0.03571919  0.058007   -0.01879638 -0.00291959 -0.08160512 -0.06067125
 -0.09333844 -0.15203959  0.03401437  0.15203695 -0.15449777 -0.00201997
  0.16787569 -0.12061244  0.08405764  0.0061554   0.00650739 -0.02878718
  0.09349553  0.04197947 -0.00948384 -0.23809151  0.01440792 -0.12754278
 -0.0489106  -0.03568212 -0.00086259  0.1116341  -0.13444433  0.15707694
 -0.05026008 -0.01507139  0.01692042 -0.06237101 -0.07198688 -0.115583
  0.05684241  0.06437543  0.01250137 -0.0496092   0.02723492 -0.04703186
 -0.03657045  0.05368949  0.16609003 -0.14555132  0.02294139 -0.07682494
  0.01503931 -0.00672739  0.00162468 -0.04666064 -0.0978845   0.00114846
  0.04561809  0.0971977  -0.04185838  0.0373038  -0.2959095   0.00468666
 -0.14101715 -0.04277821][ 0.07814763 -0.09150515  0.02611707 -0.00294957  0.04927754  0.03347066
 -0.01789283 -0.06423794 -0.04029751  0.06198321 -0.15535343  0.00175799
  0.09634691  0.01101878 -0.07428419 -0.05625248  0.10897861 -0.04894979
 -0.10300013 -0.0175708  -0.08742596  0.07477432  0.05582836  0.03583008
  0.04047358  0.08901938 -0.01866165  0.02353477  0.09687927  0.07912072
  0.13993604  0.01163554  0.14305016  0.09921484 -0.0320251  -0.04474795
 -0.06921794 -0.11081022 -0.18558066 -0.05235654  0.0923837   0.05944109
 -0.1349692   0.2301254   0.11035076  0.1167277   0.00600839 -0.06902333
  0.00642164 -0.25774378  0.01354517  0.06621049 -0.02181337 -0.07757296
 -0.10363685  0.13441175  0.00232395  0.04676914 -0.17995478  0.03978142
  0.00490786 -0.03721345  0.22472402 -0.05031314 -0.08866137 -0.02113236
  0.01878815  0.05710727  0.02900352 -0.00885395 -0.09326988 -0.10314815
 -0.11723865 -0.00510732  0.09502957  0.14223225 -0.17154095 -0.10259807
  0.07255215 -0.09231329  0.16372208 -0.04150048 -0.03400035  0.02096147
  0.13511957  0.07473346  0.01016633 -0.06546127 -0.03786203 -0.07502758
  0.0131554   0.01572965 -0.10102113  0.07801905 -0.03786844  0.19453356
 -0.11947107 -0.01856964  0.0856576  -0.04238294  0.00367913 -0.1479018
  0.03559896  0.05235261  0.08580724  0.09995054  0.04124966  0.00081391
 -0.07691605 -0.06409834  0.08690744 -0.13321503  0.07080285  0.09152672
 -0.01243584 -0.03337969 -0.04364816 -0.04384613 -0.07650798  0.04431911
  0.14168037  0.04300201 -0.03878439  0.05206224 -0.14086284 -0.03641996
 -0.10609211  0.05355616][-1.02866925e-01  8.60523507e-02 -9.19309538e-03  1.32415637e-01
 -7.78363124e-02  3.49091999e-02  1.20492645e-01  1.99160334e-02
  9.16165020e-03  5.15548289e-02 -1.01567678e-01  1.34509221e-01
 -3.00211906e-02 -5.67635056e-03  3.61613231e-03 -7.58128846e-03
  8.25040713e-02 -6.74127713e-02  2.32147966e-02  8.02000314e-02
 -1.62725076e-01  1.39699861e-01  1.35519415e-01  5.42265959e-02
 -6.20891862e-02  8.56126025e-02 -1.71085298e-01 -1.38289537e-02
  1.04321338e-01 -1.40212610e-01  8.43478739e-02 -1.15719989e-01
  2.40412608e-01 -8.83920677e-03 -6.49501849e-03  1.13142305e-03
 -5.10266460e-02 -1.11513644e-01 -9.63661820e-02 -7.11072758e-02
 -1.34674311e-01  1.19483732e-01 -6.90285414e-02  8.20901766e-02
 -4.66038845e-02 -1.16525874e-01  5.58650196e-02 -6.41846731e-02
  7.34479278e-02 -2.33754590e-01 -1.59065169e-03 -1.23053454e-02
 -1.13817744e-01  1.65716460e-06 -4.42086346e-02  2.66901720e-02
  3.89071852e-02  1.37472118e-04 -9.17635560e-02 -5.01205260e-03
  5.26848361e-02  2.81186458e-02  1.52085021e-01 -9.49089453e-02
 -7.49080703e-02  2.02528406e-02  7.05605671e-02  4.03605588e-02
 -4.81329709e-02 -6.21073954e-02 -3.56339999e-02  3.87092009e-02
 -1.86859176e-01 -6.44679368e-02  9.31328014e-02 -1.46788033e-02
 -1.42253906e-01  1.72058284e-01 -1.62605308e-02  2.91107241e-02
  1.21402048e-01  3.02920677e-02  5.88045735e-03 -6.02223426e-02
  6.43263981e-02 -7.05283731e-02 -5.11540994e-02 -9.40449983e-02
 -1.21902771e-01 -1.24376096e-01  2.12341491e-02  9.14890319e-02
  7.84227531e-03  1.13794081e-01 -6.26875758e-02 -2.44132467e-02
  3.31461802e-02  1.18373990e-01  2.10185498e-02  2.07146034e-02
  8.12431946e-02 -1.21963486e-01  1.49462253e-01 -5.12936264e-02
  1.31573737e-01  4.68064547e-02 -3.35782394e-02  2.84299301e-03
 -1.05083231e-02  7.63262212e-02  1.63641796e-02 -8.62573385e-02
  3.68125997e-02 -1.05455115e-01 -7.04360334e-03 -3.23660783e-02
 -7.06103742e-02 -3.00103389e-02 -1.73322782e-02 -2.29793787e-03
  1.46652227e-02  1.52691063e-02 -1.11356989e-01  6.52151182e-02
 -2.58033305e-01  5.06498385e-03 -2.60676835e-02 -1.97787836e-01][ 0.04126612  0.05692748 -0.00628921 -0.03672193  0.09744707  0.0311777
  0.07486198 -0.04085297 -0.05273623  0.06366427 -0.13756707 -0.04527634
  0.09240015 -0.00312014 -0.12999098 -0.06141796  0.19829439 -0.05376662
 -0.06266928 -0.01463324 -0.069919    0.10892873  0.06957335  0.03019091
 -0.10949302  0.08369242  0.06837827  0.04284512  0.01037009 -0.00304303
  0.04962393  0.02893212  0.05642897  0.06179264 -0.10413183 -0.01040635
  0.04393506 -0.10777467 -0.15370046  0.03658042  0.07379878  0.02329194
 -0.16828395  0.18624955  0.05637294 -0.00412188 -0.01840605 -0.11190836
  0.05135216 -0.23691633  0.08727334  0.08145619 -0.05873947 -0.02989891
 -0.10828767  0.09689173 -0.03154968  0.01254352 -0.16470903  0.11895693
 -0.04580954 -0.0069261   0.23840074  0.06108595 -0.06173011  0.09610229
 -0.03737152  0.03120756 -0.01094341  0.0484767  -0.1012881  -0.07916352
 -0.0735338  -0.02655867  0.12880312  0.23186512 -0.0883184  -0.07391091
 -0.03485356 -0.13182248  0.13082543  0.01931056 -0.00092628  0.04061938
  0.12133438  0.07130542  0.03833942 -0.07348116  0.01378123 -0.1266457
 -0.07705678 -0.04195704 -0.03709171  0.0634026  -0.06533899  0.22500536
 -0.08143218 -0.02765247  0.15225235 -0.04945877 -0.10088853 -0.15104297
 -0.02360516  0.10464304  0.04296925  0.00538449  0.065286   -0.0283746
 -0.0535657  -0.00401135  0.10890761 -0.09386317  0.02268509  0.02889998
 -0.04321257 -0.01359505 -0.11559271 -0.05257335 -0.05029411  0.00877882
  0.16209535  0.09933566 -0.02051768  0.00446339 -0.17344092 -0.00278073
 -0.04488141 -0.06612869][ 6.58765137e-02  3.60994488e-02 -2.67253350e-02  2.11698357e-02
  8.67774934e-02  7.15431944e-02  3.96913569e-03 -1.63761050e-01
 -8.10371786e-02  1.24323405e-01 -1.08755946e-01  4.32990231e-02
  2.99198814e-02  6.90395236e-02 -1.08850025e-01 -2.25626379e-02
  1.59476578e-01  5.73144592e-02 -1.01301774e-01 -1.02989234e-01
 -7.98681937e-03  1.56828418e-01  1.07649297e-01 -1.05616331e-01
  1.87741201e-02  2.03101963e-01 -3.38348895e-02  3.17520872e-02
 -1.25373095e-01  8.41107070e-02  1.09602995e-01 -4.01828997e-02
  1.45098763e-02 -4.31279913e-02 -1.27073705e-01  1.07462090e-02
 -9.20427032e-04 -1.45134345e-01 -8.00122321e-02 -1.44126080e-03
  1.39636053e-02  8.18861648e-02 -1.60537913e-01  1.65568590e-01
  4.64939848e-02  2.02091280e-02 -9.14264820e-05 -7.74014443e-02
 -5.72607704e-02 -2.78648108e-01  5.45557700e-02  9.50392485e-02
 -1.11965537e-01 -7.58468285e-02 -7.53043517e-02  3.38388532e-02
 -1.86653063e-02 -8.39628559e-03 -1.25967622e-01  2.01425608e-02
 -2.85169855e-02  1.07849024e-01  1.61333859e-01  7.08326511e-03
 -7.17846826e-02  7.04278201e-02 -5.96563406e-02  6.59500156e-03
  2.83035226e-02  3.89225520e-02  8.65560491e-03 -6.03132285e-02
 -1.45815760e-02 -2.14599259e-02 -1.16581982e-02  2.13687181e-01
 -1.12781055e-01  7.35095218e-02  1.03687108e-01 -1.01002403e-01
  9.27558541e-02  2.17391434e-03  1.98656321e-02 -4.34465744e-02
  8.92381445e-02  1.23502046e-01 -3.96634340e-02 -1.63033620e-01
 -5.19332215e-02 -1.36742964e-01 -8.38320926e-02  1.11434618e-02
  6.19205274e-02  1.64426163e-01 -9.22268480e-02  2.08177596e-01
 -2.98590604e-02 -1.88804846e-02  5.28161302e-02 -7.65325725e-02
  1.17268153e-02 -1.30337119e-01  1.97639130e-02  8.67679194e-02
  2.20617391e-02 -1.53323924e-02  7.33787045e-02 -7.40096346e-02
 -1.99209107e-03 -4.11660597e-02  1.22511864e-01 -1.20174140e-01
  8.05911608e-03 -6.01523705e-02  1.04607999e-01 -4.24029715e-02
 -1.15359567e-01 -5.56835122e-02 -2.16796342e-02 -1.32384198e-02
  6.19989857e-02  6.64611012e-02 -2.86320280e-02  4.33387831e-02
 -1.55546725e-01  1.83115918e-02 -4.99066450e-02 -8.45994204e-02][ 0.04528344 -0.02888766  0.01515372 -0.0152782   0.14338496  0.06545275
  0.10762365 -0.03371494 -0.04883527  0.03565261 -0.11981893 -0.06518675
  0.13265917  0.02672036 -0.10306552 -0.04865506  0.1499796  -0.11166776
 -0.12995344 -0.03430079 -0.03401301  0.10182399  0.18382518 -0.00993928
  0.08244722  0.08751097 -0.00509527  0.03201321  0.06549796  0.06421695
  0.05624731  0.05480565  0.11318881  0.15229514 -0.06862837 -0.03367712
 -0.07215097 -0.06965745 -0.18342836 -0.043681   -0.05271042  0.04342625
 -0.17053437  0.21939704  0.00308835  0.05736394 -0.02879594 -0.08401402
  0.00660162 -0.2554489   0.04719533  0.09208777 -0.07424832 -0.09748461
 -0.10419104  0.11253572  0.00388108  0.03574526 -0.16383071  0.04913871
  0.00989066  0.01670249  0.20116512 -0.01977872 -0.04658299  0.0509736
 -0.01658572 -0.00197691  0.04336123 -0.01958746 -0.02881609 -0.07709109
 -0.06985445 -0.02478581  0.1002983   0.10328989 -0.15239261 -0.06893221
 -0.00464667 -0.02128724  0.21456681 -0.0882164  -0.02310926 -0.05608249
  0.16769029  0.06123937 -0.03718166 -0.02134617 -0.08038091 -0.1435447
 -0.01205956  0.04386791 -0.06101203  0.10015309 -0.06939822  0.26354572
 -0.11946641  0.00740361  0.07513011 -0.10376041 -0.00840512 -0.05829389
  0.01740555  0.04420017  0.09091797 -0.04052245  0.04127534 -0.03713121
 -0.04773095 -0.03159257  0.00196643 -0.06044773  0.04914727  0.0270823
 -0.0324688  -0.02288397 -0.09647305 -0.07302161 -0.1036793   0.03283934
  0.06704167  0.02034979 -0.00626497  0.1164695  -0.1393348  -0.02540732
 -0.06583933  0.05021695][-0.00410761 -0.01381432 -0.03285349  0.06107758  0.01965362 -0.20353454
  0.04944715  0.10352875  0.03663351  0.01290965 -0.00259839  0.04333973
 -0.05951172  0.00194401 -0.07915222  0.00607176  0.09983494 -0.12826677
  0.1065659  -0.07527813 -0.12896192  0.17272098  0.09947652 -0.00510529
 -0.02042964  0.07780162 -0.13768248  0.03936049  0.09385468 -0.13238478
  0.10052156 -0.0096499   0.07819228  0.06746212  0.01560324  0.02284118
  0.01440608 -0.0724147  -0.04636039 -0.0742741  -0.07429301  0.00338963
 -0.02770594  0.06797455  0.03496628  0.03053991 -0.00211579 -0.00309714
  0.17868334 -0.19345619  0.01904835  0.06754284 -0.02969006 -0.0251985
 -0.08089832 -0.11194935 -0.04954402 -0.02125312 -0.03092786  0.03114528
 -0.05611272  0.08344486  0.00713787 -0.06368838  0.04365129 -0.17449898
 -0.01932801 -0.14582324  0.05110644  0.06654425 -0.08919384 -0.00927378
 -0.1456376   0.00510271  0.11749584 -0.04418498 -0.0977804   0.11871897
  0.03895751 -0.11131437 -0.07919274 -0.07252456  0.02837092 -0.03937793
  0.1666305   0.02694481  0.18689047 -0.11633275  0.04615803 -0.1003425
 -0.08988526  0.01962818  0.15929148  0.06551658 -0.09844903  0.15512635
 -0.04522411  0.24249312  0.12550648 -0.14981045  0.01996735 -0.01707202
 -0.02961263  0.04420373  0.09278056  0.1510942   0.03036869 -0.14598888
 -0.02511139  0.09365665  0.0698523  -0.07213736 -0.0100038  -0.076366
  0.17545226  0.00216532 -0.09461764 -0.11610132 -0.10027272 -0.02501904
  0.00862128  0.06429232  0.05079513  0.04256222 -0.16713624  0.02756327
  0.07011151 -0.07447619][ 0.06638655 -0.00832052 -0.01736807  0.00217478  0.12936625  0.04300559
  0.0920411   0.01740253 -0.0125809   0.06626825 -0.13901447 -0.01176811
  0.05976805  0.0393944  -0.12161888 -0.06361999  0.18773216 -0.14591599
 -0.11443137 -0.01542458 -0.07226777  0.04463489  0.08653758  0.01385812
 -0.02600792  0.09224834 -0.01755568  0.04985809  0.05067604  0.03095525
  0.08726135  0.00659677  0.0363646   0.07822298 -0.11696985  0.00734449
  0.01861176 -0.10990746 -0.15934992 -0.03522918  0.05206519  0.03865951
 -0.15598448  0.20455958  0.01075462  0.06965832  0.0731273  -0.08573229
  0.07464748 -0.21103811  0.06133553  0.1502636  -0.09492254 -0.04035241
 -0.09924509  0.1587187  -0.04562202 -0.00590333 -0.1926646   0.10931911
 -0.05822092 -0.05831892  0.19321686  0.00851201 -0.08040471  0.06938348
  0.00374338  0.08883347  0.05592076  0.06109902 -0.02883202 -0.15545183
 -0.036438   -0.08578545  0.10247413  0.09602631 -0.15045604 -0.03310086
 -0.03875588 -0.05813926  0.09223562  0.04335669  0.01298998 -0.00405487
  0.1192015   0.09529343  0.07759029 -0.0412587   0.06537515 -0.07753293
 -0.0273845   0.00128588 -0.03524012  0.0907356  -0.05092805  0.18591332
 -0.09497465  0.00077597  0.1340589   0.00065686 -0.07503023 -0.17847613
 -0.04017331  0.09987168  0.04290665  0.00496604  0.0770448  -0.02761025
 -0.0149228  -0.00956551  0.02306293 -0.0809301  -0.01205998  0.15845777
 -0.038774    0.00538671 -0.16358285 -0.09172043 -0.06620169 -0.00889804
  0.08768707  0.08154874 -0.00394974  0.10280737 -0.19380231  0.01202027
 -0.08081378 -0.10599745][ 0.00655068  0.09365897 -0.00380717  0.08618771 -0.00052624 -0.04558544
  0.06315979 -0.03166756 -0.05702576  0.02924632 -0.13693286  0.04490482
 -0.06449622  0.08340431 -0.0676537  -0.05179835  0.19235434 -0.08788344
 -0.10651192 -0.01150044 -0.11800493  0.0535702  -0.02730631  0.0108125
 -0.02439118  0.10781291 -0.00082873  0.02994684 -0.0443555   0.02737799
  0.14651816  0.07712441  0.11922471 -0.00998997 -0.04385753 -0.00828903
 -0.04057565 -0.10350502 -0.06704853 -0.06052963 -0.03529248  0.09469526
 -0.12430713  0.24580832  0.03845238  0.06151046 -0.03927591  0.01818226
  0.05587667 -0.29498067  0.05835239  0.09564866 -0.07895567 -0.05423873
 -0.07489526  0.18690202 -0.02098484  0.00980468 -0.07347979  0.09622884
 -0.02672144  0.01129464  0.1571311  -0.00092409 -0.15550461  0.03043251
 -0.01941398  0.06932622  0.02634064  0.02486304 -0.05701364 -0.0949699
 -0.13155624 -0.15155812  0.03266094  0.15758143 -0.176063    0.0477569
  0.0343324  -0.13547802  0.1096507  -0.03945505 -0.00145163 -0.08711789
  0.16829854  0.09305131 -0.02021042 -0.07816856 -0.02400154 -0.09520733
 -0.06119061  0.01246208 -0.11605071  0.12367339 -0.01333536  0.15170315
 -0.10272017 -0.02501994  0.0530703  -0.03203694 -0.05821507 -0.17802466
 -0.00768727  0.10785275  0.00270655 -0.08084009  0.03050252 -0.03326272
 -0.03218494 -0.00764576  0.12117954 -0.14752151  0.01832518 -0.04195117
  0.0164916  -0.01041786 -0.08828856 -0.03855919 -0.06496662  0.00714071
  0.03597288 -0.02722393 -0.02473873  0.04978232 -0.23789579 -0.00280143
 -0.11936533 -0.01356854][ 0.1462383  -0.08485044  0.07281175  0.03524233  0.07534388 -0.00061817
  0.01620298  0.04037418 -0.02926733  0.05037982  0.04961618  0.02522664
  0.02101369  0.029634    0.01887283  0.00518588  0.12023398 -0.00682485
  0.01045662 -0.0289401  -0.07006214 -0.01990666  0.06741109 -0.10671382
  0.06338798  0.21728377  0.06716754  0.02864081 -0.01816689  0.00608164
 -0.04349653 -0.03432674  0.05265619  0.15324494 -0.07084366 -0.09036144
  0.07600171 -0.00718538 -0.11650448 -0.02371396  0.00706733 -0.00773819
 -0.03466787  0.15838261  0.03775626  0.06989773 -0.07670492 -0.1854973
  0.0226582  -0.05093304  0.02579433  0.0163132  -0.08030134 -0.14817768
 -0.12934898 -0.15217578  0.0159655   0.09163827 -0.25679922  0.011483
  0.00992184 -0.04268563  0.18455525 -0.15050675 -0.01844377  0.00634477
 -0.00657271 -0.05349508  0.05763017 -0.00585752  0.05959795 -0.03820536
 -0.12296652  0.057327    0.12696113  0.07349581 -0.05541559  0.17938696
  0.15096596  0.1138289   0.0330654   0.01648378 -0.08005594 -0.02839096
  0.13891104  0.0562513  -0.06132224 -0.04004731  0.09221746 -0.22642948
 -0.03213247  0.04919568  0.0685168   0.12772354 -0.05409     0.15990883
 -0.06601621  0.06482768  0.14935094 -0.13078517  0.00277685 -0.12233897
  0.02178666  0.10942932  0.00520769  0.10815488  0.09097418  0.0253682
  0.06697562 -0.15907022  0.02176141 -0.16274233  0.06703699  0.03692856
 -0.0982612  -0.0997696  -0.07448807 -0.01080241 -0.09614118  0.091994
  0.02719811  0.03393449  0.13502651  0.05576688 -0.04526026 -0.08284828
  0.01292898 -0.09308731][ 2.3813436e-02  1.4873584e-03  1.7728325e-02  8.0853954e-02
  1.0366991e-01  5.6566242e-02  8.1789248e-02  4.8430990e-02
 -5.8615468e-02  9.8132767e-02 -1.5275636e-01  2.2788385e-02
  6.1273914e-02  3.2777410e-02 -1.4003862e-01 -6.8689235e-02
  1.6557534e-01 -7.5300075e-02 -1.0869430e-01 -8.7847002e-03
 -5.0639167e-02  6.9562383e-02  7.5731911e-02  4.1558951e-02
 -4.2237733e-02  1.0295106e-01  4.3164451e-02  3.6483720e-02
  5.8456112e-02  5.3037025e-02  8.3529018e-02 -2.2941099e-02
  8.3906032e-02  1.1544784e-01 -9.7237334e-02 -3.5292413e-02
  2.9461442e-02 -1.4700055e-01 -1.7151037e-01  2.3409644e-02
  2.9210348e-02  5.4707721e-02 -1.6027337e-01  2.1254185e-01
  1.0884460e-01  3.7126686e-02  2.9833591e-02 -6.8583734e-02
  1.2560601e-02 -2.5996378e-01  8.3037913e-02  9.8435067e-02
 -4.6133336e-02 -6.1115060e-02 -9.0968542e-02  1.3607274e-01
  1.6014840e-04  3.7380368e-02 -2.1606068e-01  1.0753087e-01
 -1.1547941e-02 -6.1578929e-02  1.8659519e-01  3.1267110e-02
 -5.8759194e-02  2.4233263e-02  3.0931257e-02  6.5094404e-02
 -4.9372897e-03  1.4415589e-02 -6.0978338e-02 -5.8535587e-02
 -7.7995338e-02 -9.0134166e-02  1.1600486e-01  1.5110306e-01
 -1.2919737e-01 -7.3099196e-02 -3.7203833e-02 -4.3955304e-02
  1.5569779e-01 -2.1683654e-02 -2.5090277e-02  3.8480882e-02
  1.3764609e-01  9.8133534e-02  9.4449297e-03 -2.4576094e-02
  6.6292979e-02 -1.2964122e-01 -3.3270303e-02 -1.1866305e-02
 -4.3097492e-02  3.7880552e-03 -9.9899851e-02  1.6892827e-01
 -9.2881598e-02 -3.8860898e-02  1.2311641e-01  2.2858385e-02
 -1.7780075e-02 -1.4680661e-01 -1.8576149e-02  1.0796723e-01
  4.7157146e-02  5.0426261e-03  4.9299881e-02 -2.3921089e-02
 -3.4593329e-02 -9.5461181e-04  3.5981987e-02 -9.2990436e-02
  6.1685983e-02  1.1432784e-01 -4.4306058e-02  3.1245835e-02
 -1.6788779e-01 -3.7754744e-02 -5.9746429e-02  3.4537327e-02
  1.5819557e-01  4.7316380e-02 -1.0238871e-02  8.8535562e-02
 -1.9303045e-01 -2.7288267e-02 -6.3041538e-02 -4.6283677e-02][ 0.05594882  0.04727061 -0.02969697  0.04321474  0.06581778  0.02624948
 -0.009105   -0.11708145 -0.1138218   0.12672728 -0.13581234  0.04322145
  0.0269776   0.09174051 -0.12269812 -0.04309789  0.13272189  0.06723784
 -0.08030162 -0.10735309  0.01427384  0.16243888  0.13595498 -0.06037276
  0.00412206  0.15337065 -0.05353666  0.02565914 -0.06097324  0.07131191
  0.13772586 -0.05174139  0.04312623 -0.02351795 -0.06790095  0.01626211
 -0.06684267 -0.1214681  -0.15543783  0.03491452  0.01791294  0.09702083
 -0.11506855  0.1442352   0.09494122  0.021404   -0.0391543  -0.06315557
 -0.05290993 -0.26486012  0.04260429  0.0943403  -0.09814042 -0.08883858
 -0.06733552  0.03123613 -0.01362433 -0.01417528 -0.12288853  0.02941973
 -0.01901594  0.06853569  0.1664767  -0.03436721 -0.09519714  0.02202638
 -0.0568432   0.00903876  0.03324135  0.03007242  0.00142161 -0.04904172
 -0.0891085  -0.07029691 -0.04544965  0.2000619  -0.12660854  0.07019898
  0.16511042 -0.12487898  0.09226629 -0.00204013  0.02392995  0.00288643
  0.11889297  0.16823106 -0.04307953 -0.13163923 -0.01949189 -0.12686074
 -0.10222755  0.0198472   0.06729763  0.1382563  -0.03838532  0.2278941
 -0.00649562 -0.00914615  0.07221412 -0.0511784  -0.00699563 -0.1415711
  0.01856828  0.07834435  0.02049328  0.01074825  0.06096943 -0.07137547
 -0.00057035 -0.04591587  0.13363695 -0.11382366  0.00269269 -0.02830604
  0.10833496 -0.04377673 -0.09219298 -0.07332903 -0.06638531 -0.01868469
  0.09010923  0.03201355 -0.01988842  0.01459162 -0.2143522   0.02270368
 -0.06054502 -0.05239272][ 6.19916171e-02 -6.47289753e-02  1.71521939e-02 -1.11912552e-03
  1.12252019e-01  3.82959545e-02  5.19930907e-02 -2.96642557e-02
 -7.19887018e-02  7.14409947e-02 -1.26850277e-01 -7.17207342e-02
  8.81896541e-02  3.38292792e-02 -5.04171401e-02 -4.88723107e-02
  1.27559304e-01 -6.76856264e-02 -1.55045941e-01 -9.30846855e-02
 -4.64677177e-02  6.47656173e-02  1.47186443e-01  4.25719954e-02
  5.16416356e-02  6.62547946e-02 -3.84757221e-02  2.69139353e-02
  1.22548789e-01  2.41038725e-02  1.12407900e-01  1.42214466e-02
  1.13693625e-01  1.41344979e-01 -1.04035594e-01 -3.44574079e-02
 -6.50348365e-02 -8.02538395e-02 -1.45073012e-01 -4.60303128e-02
 -3.84866036e-02  8.04552808e-02 -1.65060610e-01  1.90741420e-01
  5.86369373e-02  6.69739023e-02 -1.67110171e-02 -8.41614455e-02
  4.66906652e-02 -3.02635372e-01  3.14829983e-02  6.39825612e-02
 -8.33762586e-02 -1.18462898e-01 -9.09591317e-02  1.23995215e-01
  1.53364288e-02  3.64434905e-02 -1.80881649e-01  5.77699840e-02
  2.04665828e-02 -2.80454056e-04  2.35713497e-01 -3.18123400e-02
 -7.86080956e-02  8.80838037e-02  1.26139112e-02 -3.94071005e-02
 -8.74949992e-03 -3.00851222e-02 -4.42657024e-02 -9.69951600e-02
 -7.63033405e-02 -5.08074500e-02  8.47823024e-02  1.20840810e-01
 -1.32595599e-01 -8.09860826e-02 -8.77673551e-03 -5.13236187e-02
  1.93362832e-01 -8.60849619e-02 -2.44744122e-02 -4.33860719e-02
  1.34652868e-01  6.81100786e-02 -3.06142047e-02 -3.00408825e-02
 -7.60791153e-02 -1.25141725e-01 -2.17872728e-02  5.95919043e-02
 -8.20685998e-02  9.11694542e-02 -6.24465942e-02  2.05253050e-01
 -1.28437981e-01  4.18667682e-03  5.45043424e-02 -1.03751622e-01
  3.49591449e-02 -8.42322409e-02  3.95569690e-02  5.41927405e-02
  4.53341678e-02 -2.88481601e-02  3.18230018e-02 -5.10593057e-02
 -8.28144401e-02 -5.66489547e-02  9.24395677e-03 -9.87984240e-02
  6.03729822e-02  8.03419277e-02 -3.76111344e-02 -3.37422080e-02
 -1.06232904e-01  5.82811655e-03 -1.08499594e-01  3.37613598e-02
  1.19586304e-01  2.66478881e-02 -5.18051833e-02  1.01090640e-01
 -1.31920457e-01 -2.66493149e-02 -8.78017768e-02  1.58758443e-02]